25
0 1 73.893
0 2 95.919
0 3 85.311
0 4 42.306
0 5 55.407
0 6 40.151
0 7 58.329
0 8 51.941
0 9 50.753
0 10 96.798
0 11 80.751
0 12 37.756
0 13 31.322
0 14 91.244
0 15 80.258
0 16 74.437
0 17 72.406
0 18 12.857
0 19 56.267
0 20 81.546
0 21 12.756
0 22 75.828
0 23 93.253
0 24 65.04
0 25 81.329
0 26 46.077
0 27 77.575
0 28 8.402
0 29 89.826
0 30 15.93
0 31 71.716
0 32 35.266
0 33 41.949
0 34 46.234
0 35 42.642
0 36 3.83
0 37 93.161
0 38 66.216
0 39 93.609
0 40 81.05
0 41 23.937
0 42 65.375
0 43 2.572
0 44 92.94
0 45 10.256
0 46 57.562
0 47 43.178
0 48 36.222
0 49 81.919
0 50 6.693
0 51 3.401
0 52 61.657
0 53 4.167
0 54 16.922
0 55 91.801
0 56 46.684
0 57 21.916
0 58 72.284
0 59 54.804
0 60 61.237
0 61 8.938
0 62 41.306
0 63 62.623
0 64 47.083
0 65 39.304
0 66 23.282
0 67 21.266
0 68 43.602
0 69 8.884
0 70 65.405
0 71 44.595
0 72 12.762
0 73 71.648
0 74 28.67
0 75 36.221
0 76 21.855
0 77 66.823
0 78 21.524
0 79 53.494
0 80 87.788
0 81 11.821
0 82 82.011
0 83 37.717
0 84 48.334
0 85 92.727
0 86 40.142
0 87 86.9
0 88 49.039
0 89 58.824
0 90 89.584
0 91 43.642
0 92 42.188
0 93 42.655
0 94 31.396
0 95 27.178
0 96 11.241
0 97 59.368
0 98 80.922
0 99 79.545
1 2 4.901
1 3 34.511
1 4 17.158
1 5 56.164
1 6 27.968
1 7 85.878
1 8 1.716
1 9 18.591
1 10 14.469
1 11 11.791
1 12 63.082
1 13 32.127
1 14 91.505
1 15 83.327
1 16 88.086
1 17 68.088
1 18 16.313
1 19 70.151
1 20 87.902
1 21 64.37
1 22 26.144
1 23 53.02
1 24 31.458
1 25 11.389
1 26 67.71
1 27 65.215
1 28 90.689
1 29 90.956
1 30 19.093
1 31 60.113
1 32 62.653
1 33 9.108
1 34 47.901
1 35 83.685
1 36 27.666
1 37 78.471
1 38 48.266
1 39 65.243
1 40 97.855
1 41 45.548
1 42 58.659
1 43 1.936
1 44 9.8
1 45 69.817
1 46 39.021
1 47 63.743
1 48 26.673
1 49 14.5
1 50 91.215
1 51 8.937
1 52 71.555
1 53 91.014
1 54 24.878
1 55 87.507
1 56 92.831
1 57 43.728
1 58 56.479
1 59 51.809
1 60 50.063
1 61 71.671
1 62 33.658
1 63 49.17
1 64 21.074
1 65 38.633
1 66 42.023
1 67 64.526
1 68 26.029
1 69 5.617
1 70 65.664
1 71 71.06
1 72 89.313
1 73 91.518
1 74 3.195
1 75 54.605
1 76 10.355
1 77 62.373
1 78 32.821
1 79 97.095
1 80 62.343
1 81 36.131
1 82 50.713
1 83 48.693
1 84 50.895
1 85 94.568
1 86 19.646
1 87 66.767
1 88 68.729
1 89 70.683
1 90 96.664
1 91 37.158
1 92 6.336
1 93 79.257
1 94 92.976
1 95 85.934
1 96 59.829
1 97 10.11
1 98 77.312
1 99 7.159
2 3 92.141
2 4 51.917
2 5 94.219
2 6 80.949
2 7 69.316
2 8 36.38
2 9 88.678
2 10 97.471
2 11 78.937
2 12 78.952
2 13 51.268
2 14 68.993
2 15 95.508
2 16 87.08
2 17 36.362
2 18 71.219
2 19 8.638
2 20 10.365
2 21 10.443
2 22 27.007
2 23 46.851
2 24 57.585
2 25 63.872
2 26 54.682
2 27 93.93
2 28 54.736
2 29 30.227
2 30 11.379
2 31 10.658
2 32 58.835
2 33 82.456
2 34 90.143
2 35 39.563
2 36 25.705
2 37 48.25
2 38 97.771
2 39 35.721
2 40 13.282
2 41 42.928
2 42 77.996
2 43 67.358
2 44 55.58
2 45 1.847
2 46 58.653
2 47 25.327
2 48 66.13
2 49 27.734
2 50 1.143
2 51 46.694
2 52 33.754
2 53 94.724
2 54 80.325
2 55 76.461
2 56 18.638
2 57 16.156
2 58 64.179
2 59 20.38
2 60 14.929
2 61 51.824
2 62 5.602
2 63 25.266
2 64 85.727
2 65 61.985
2 66 43.253
2 67 9.752
2 68 11.406
2 69 14.064
2 70 50.399
2 71 74.764
2 72 37.771
2 73 10.356
2 74 87.102
2 75 46.721
2 76 89.788
2 77 36.922
2 78 96.457
2 79 49.231
2 80 2.674
2 81 32.629
2 82 96.183
2 83 66.965
2 84 70.496
2 85 27.359
2 86 54.299
2 87 26.768
2 88 11.936
2 89 91.534
2 90 22.901
2 91 36.722
2 92 65.473
2 93 25.8
2 94 53.1
2 95 58.566
2 96 98.907
2 97 41.503
2 98 46.099
2 99 84.504
3 4 31.382
3 5 87.859
3 6 40.933
3 7 33.561
3 8 3.752
3 9 6.071
3 10 46.416
3 11 86.564
3 12 20.207
3 13 54.617
3 14 72.926
3 15 6.409
3 16 69.934
3 17 52.98
3 18 31.791
3 19 92.107
3 20 50.826
3 21 73.76
3 22 36.364
3 23 92.081
3 24 7.238
3 25 13.447
3 26 29.462
3 27 40.72
3 28 28.647
3 29 30.932
3 30 21.39
3 31 86.097
3 32 39.944
3 33 8.195
3 34 30.26
3 35 15.097
3 36 40.9
3 37 61.431
3 38 30.494
3 39 57.747
3 40 81.392
3 41 31.743
3 42 48.657
3 43 37.226
3 44 47.219
3 45 55.217
3 46 48.079
3 47 50.185
3 48 72.903
3 49 78.487
3 50 24.199
3 51 87.144
3 52 73.784
3 53 86.736
3 54 26.024
3 55 41.678
3 56 53.866
3 57 59.94
3 58 89.432
3 59 94.519
3 60 10.202
3 61 77.916
3 62 72.526
3 63 51.249
3 64 70.314
3 65 87.506
3 66 11.851
3 67 87.978
3 68 22.589
3 69 37.226
3 70 45.842
3 71 15.612
3 72 7.658
3 73 31.494
3 74 15.358
3 75 41.589
3 76 16.835
3 77 3.922
3 78 25.3
3 79 92.298
3 80 20.735
3 81 10.859
3 82 11.679
3 83 20.948
3 84 36.464
3 85 47.01
3 86 1.148
3 87 56.329
3 88 19.171
3 89 82.187
3 90 53.782
3 91 60.208
3 92 59.494
3 93 53.405
3 94 39.674
3 95 19.783
3 96 61.423
3 97 55.712
3 98 21.818
3 99 27.998
4 5 36.532
4 6 88.977
4 7 58.926
4 8 54.773
4 9 83.48
4 10 75.137
4 11 71.013
4 12 36.788
4 13 11.433
4 14 74.464
4 15 15.819
4 16 49.626
4 17 85.075
4 18 42.929
4 19 82.95
4 20 31.391
4 21 73.319
4 22 13.615
4 23 47.441
4 24 74.159
4 25 33.507
4 26 43.212
4 27 47.238
4 28 66.289
4 29 69.426
4 30 83.802
4 31 65.288
4 32 27.936
4 33 88.024
4 34 92.126
4 35 80.145
4 36 74.334
4 37 2.504
4 38 56.104
4 39 64.202
4 40 11.393
4 41 21.169
4 42 98.738
4 43 12.142
4 44 5.682
4 45 80.521
4 46 98.718
4 47 7.692
4 48 91.417
4 49 59.568
4 50 16.198
4 51 28.413
4 52 7.809
4 53 88.46
4 54 60.351
4 55 81.156
4 56 10.768
4 57 66.594
4 58 69.987
4 59 72.504
4 60 33.576
4 61 26.241
4 62 50.155
4 63 66.29
4 64 51.916
4 65 97.681
4 66 15.991
4 67 46.031
4 68 98.198
4 69 53.14
4 70 87.043
4 71 32.131
4 72 4.414
4 73 1.303
4 74 20.351
4 75 46.099
4 76 26.548
4 77 10.541
4 78 7.998
4 79 70.321
4 80 33.885
4 81 77.909
4 82 4.404
4 83 19.448
4 84 33.643
4 85 72.704
4 86 68.101
4 87 6.176
4 88 56.073
4 89 32.102
4 90 22.195
4 91 25.284
4 92 82.839
4 93 40.277
4 94 17.391
4 95 98.911
4 96 92.988
4 97 62.183
4 98 76.043
4 99 37.934
5 6 26.988
5 7 32.653
5 8 11.195
5 9 30.771
5 10 16.761
5 11 10.465
5 12 57.7
5 13 22.385
5 14 5.038
5 15 64.508
5 16 42.331
5 17 13.941
5 18 42.082
5 19 83.601
5 20 4.814
5 21 98.77
5 22 18.252
5 23 14.552
5 24 75.9
5 25 56.697
5 26 48.711
5 27 91.991
5 28 18.469
5 29 74.519
5 30 72.733
5 31 4.59
5 32 87.969
5 33 35.722
5 34 98.093
5 35 45.329
5 36 15.406
5 37 15.883
5 38 68.219
5 39 19.551
5 40 91.09
5 41 46.267
5 42 6.243
5 43 2.032
5 44 26.59
5 45 68.533
5 46 46.367
5 47 98.754
5 48 8.882
5 49 72.168
5 50 18.281
5 51 14.256
5 52 78.36
5 53 70.615
5 54 66.974
5 55 4.668
5 56 62.878
5 57 66.652
5 58 23.802
5 59 6.303
5 60 52.805
5 61 58.336
5 62 19.139
5 63 85.551
5 64 69.147
5 65 52.634
5 66 15.842
5 67 3.066
5 68 58.925
5 69 87.379
5 70 85.462
5 71 28.724
5 72 46.718
5 73 54.265
5 74 69.637
5 75 4.146
5 76 43.529
5 77 97.085
5 78 85.72
5 79 75.268
5 80 58.832
5 81 47.275
5 82 94.082
5 83 82.67
5 84 5.035
5 85 11.972
5 86 27.005
5 87 28.053
5 88 12.615
5 89 70.005
5 90 14.06
5 91 89.192
5 92 86.63
5 93 51.245
5 94 32.582
5 95 47.664
5 96 52.124
5 97 85.632
5 98 65.399
5 99 97.488
6 7 6.444
6 8 94.617
6 9 8.036
6 10 40.27
6 11 21.265
6 12 78.031
6 13 84.886
6 14 61.982
6 15 60.396
6 16 97.086
6 17 66.205
6 18 23.17
6 19 41.081
6 20 10.095
6 21 41.206
6 22 20.32
6 23 73.022
6 24 32.129
6 25 14.306
6 26 78.586
6 27 45.238
6 28 10.028
6 29 26.999
6 30 61.439
6 31 51.065
6 32 30.879
6 33 44.33
6 34 41.592
6 35 12.939
6 36 82.371
6 37 80.441
6 38 29.597
6 39 32.086
6 40 67.534
6 41 26.744
6 42 16.21
6 43 49.415
6 44 42.08
6 45 56.054
6 46 95.538
6 47 92.017
6 48 20.551
6 49 64.263
6 50 30.851
6 51 79.392
6 52 56.696
6 53 83.094
6 54 30.361
6 55 31.847
6 56 90.954
6 57 70.02
6 58 78.583
6 59 90.683
6 60 35.245
6 61 48.374
6 62 11.601
6 63 78.897
6 64 32.996
6 65 77.706
6 66 83.083
6 67 10.994
6 68 20.598
6 69 84.428
6 70 38.972
6 71 30.998
6 72 62.378
6 73 85.358
6 74 53.912
6 75 24.81
6 76 54.652
6 77 18.655
6 78 92.245
6 79 7.624
6 80 95.472
6 81 52.294
6 82 66.346
6 83 9.028
6 84 16.426
6 85 5.175
6 86 53.053
6 87 88.139
6 88 1.504
6 89 16.431
6 90 1.126
6 91 75.654
6 92 69.886
6 93 86.931
6 94 7.795
6 95 50.782
6 96 59.208
6 97 60.501
6 98 89.972
6 99 72.645
7 8 23.928
7 9 59.273
7 10 60.569
7 11 43.029
7 12 32.946
7 13 70.77
7 14 24.796
7 15 10.123
7 16 11.474
7 17 62.779
7 18 25.617
7 19 57.313
7 20 15.56
7 21 86.284
7 22 88.567
7 23 63.041
7 24 19.49
7 25 24.535
7 26 94.099
7 27 96.134
7 28 17.623
7 29 50.977
7 30 22.339
7 31 73.395
7 32 90.569
7 33 43.166
7 34 60.609
7 35 27.566
7 36 36.524
7 37 45.779
7 38 8.329
7 39 24.081
7 40 36.601
7 41 4.98
7 42 86.975
7 43 74.401
7 44 95.259
7 45 40.744
7 46 21.526
7 47 13.582
7 48 2.098
7 49 46.023
7 50 86.444
7 51 44.138
7 52 1.455
7 53 32.777
7 54 36.555
7 55 56.649
7 56 28.065
7 57 21.408
7 58 58.873
7 59 16.597
7 60 8.681
7 61 51.543
7 62 57.912
7 63 87.986
7 64 72.824
7 65 96.572
7 66 1.665
7 67 88.449
7 68 72.147
7 69 18.786
7 70 14.605
7 71 8.86
7 72 4.858
7 73 53.862
7 74 70.76
7 75 79.446
7 76 1.157
7 77 30.286
7 78 2.409
7 79 94.511
7 80 42.708
7 81 75.34
7 82 83.334
7 83 21.018
7 84 91.507
7 85 70.483
7 86 26.757
7 87 92.092
7 88 53.652
7 89 2.029
7 90 92.99
7 91 55.073
7 92 91.076
7 93 24.818
7 94 76.987
7 95 23.818
7 96 70.461
7 97 85.657
7 98 7.014
7 99 33.313
8 9 27.768
8 10 65.409
8 11 45.469
8 12 18.437
8 13 61.347
8 14 36.286
8 15 67.822
8 16 93.843
8 17 90.591
8 18 22.603
8 19 97.266
8 20 33.581
8 21 25.014
8 22 26.81
8 23 21.917
8 24 94.676
8 25 65.037
8 26 75.167
8 27 11.508
8 28 59.634
8 29 36.683
8 30 61.587
8 31 21.101
8 32 44.039
8 33 58.905
8 34 38.508
8 35 71.629
8 36 83.166
8 37 86.979
8 38 85.894
8 39 29.028
8 40 48.589
8 41 95.491
8 42 39.412
8 43 5.933
8 44 31.795
8 45 3.131
8 46 53.305
8 47 39.045
8 48 38.32
8 49 51.172
8 50 97.659
8 51 77.713
8 52 25.728
8 53 43.705
8 54 72.088
8 55 70.891
8 56 9.81
8 57 40.505
8 58 27.834
8 59 36.449
8 60 72.345
8 61 31.093
8 62 62.427
8 63 67.511
8 64 24.588
8 65 54.096
8 66 75.107
8 67 73.816
8 68 73.788
8 69 44.858
8 70 95.832
8 71 8.069
8 72 18.442
8 73 13.702
8 74 70.947
8 75 81.2
8 76 7.274
8 77 46.472
8 78 15.892
8 79 92.772
8 80 18.711
8 81 94.73
8 82 62.139
8 83 55.183
8 84 4.304
8 85 65.446
8 86 2.185
8 87 41.633
8 88 83.889
8 89 55.802
8 90 89.331
8 91 9.89
8 92 84.364
8 93 64.551
8 94 73.198
8 95 24.879
8 96 50.194
8 97 46.764
8 98 87.247
8 99 53.67
9 10 47.244
9 11 57.249
9 12 13.745
9 13 31.525
9 14 82.587
9 15 8.185
9 16 59.471
9 17 80.378
9 18 39.547
9 19 30.639
9 20 3.914
9 21 52.072
9 22 86.033
9 23 94.847
9 24 17.58
9 25 75.631
9 26 39.804
9 27 81.786
9 28 77.555
9 29 27.302
9 30 44.419
9 31 37.052
9 32 74.917
9 33 98.944
9 34 36.436
9 35 59.506
9 36 53.866
9 37 32.768
9 38 53.14
9 39 69.044
9 40 35.508
9 41 28.409
9 42 85.665
9 43 35.994
9 44 23.052
9 45 34.96
9 46 82.071
9 47 16.548
9 48 13.294
9 49 25.337
9 50 23.379
9 51 58.139
9 52 84.696
9 53 90.82
9 54 36.831
9 55 66.191
9 56 12.54
9 57 43.541
9 58 77.358
9 59 12.626
9 60 97.248
9 61 91.669
9 62 68.46
9 63 91.292
9 64 57.836
9 65 31.716
9 66 19.31
9 67 14.619
9 68 16.389
9 69 37.95
9 70 86.083
9 71 50.439
9 72 43.446
9 73 21.648
9 74 97.065
9 75 38.857
9 76 52.146
9 77 9.428
9 78 58.064
9 79 55.804
9 80 55.507
9 81 74.609
9 82 29.699
9 83 96.514
9 84 22.557
9 85 11.499
9 86 68.809
9 87 82.838
9 88 57.213
9 89 58.417
9 90 3.668
9 91 10.562
9 92 51.847
9 93 44.318
9 94 22.725
9 95 60.414
9 96 90.664
9 97 2.123
9 98 40.308
9 99 22.989
10 11 72.469
10 12 13.714
10 13 54.79
10 14 79.204
10 15 29.39
10 16 77.155
10 17 4.452
10 18 5.064
10 19 43.343
10 20 34.532
10 21 37.139
10 22 77.32
10 23 40.162
10 24 27.364
10 25 3.862
10 26 15.515
10 27 49.768
10 28 18.512
10 29 74.166
10 30 20.453
10 31 30.604
10 32 72.744
10 33 35.676
10 34 80.463
10 35 35.109
10 36 76.236
10 37 52.758
10 38 51.36
10 39 98.764
10 40 84.249
10 41 20.573
10 42 5.678
10 43 30.348
10 44 79.004
10 45 51.849
10 46 63.583
10 47 70.276
10 48 4.27
10 49 41.657
10 50 97.242
10 51 33.201
10 52 81.36
10 53 18.027
10 54 92.481
10 55 43.741
10 56 15.456
10 57 89.094
10 58 24.24
10 59 15.534
10 60 45.783
10 61 78.728
10 62 6.337
10 63 62.852
10 64 77.916
10 65 35.891
10 66 82.634
10 67 70.127
10 68 87.884
10 69 28.242
10 70 63.944
10 71 17.441
10 72 88.466
10 73 25.771
10 74 66.821
10 75 23.534
10 76 54.405
10 77 92.27
10 78 27.461
10 79 91.438
10 80 39.315
10 81 88.058
10 82 49.004
10 83 98.465
10 84 59.602
10 85 73.814
10 86 93.347
10 87 71.106
10 88 69.406
10 89 31.626
10 90 95.134
10 91 71.338
10 92 15.03
10 93 66.322
10 94 64.259
10 95 21.861
10 96 92.807
10 97 48.098
10 98 71.289
10 99 23.752
11 12 73.328
11 13 34.03
11 14 29.255
11 15 3.839
11 16 32.779
11 17 38.956
11 18 22.746
11 19 82.098
11 20 11.83
11 21 91.521
11 22 78.701
11 23 81.451
11 24 95.576
11 25 64.682
11 26 87.264
11 27 62.439
11 28 61.046
11 29 62.109
11 30 55.177
11 31 55.845
11 32 25.023
11 33 70.156
11 34 87.438
11 35 18.22
11 36 67.681
11 37 52.506
11 38 29.834
11 39 12.062
11 40 51.8
11 41 74.174
11 42 61.517
11 43 89.287
11 44 85.643
11 45 3.629
11 46 13.713
11 47 30.5
11 48 16.104
11 49 80.684
11 50 57.367
11 51 81.838
11 52 7.621
11 53 52.198
11 54 54.499
11 55 89.668
11 56 30.498
11 57 24.718
11 58 37.996
11 59 34.506
11 60 55.393
11 61 49.114
11 62 1.54
11 63 76.579
11 64 64.31
11 65 72.607
11 66 34.564
11 67 38.154
11 68 22.38
11 69 72.183
11 70 11.586
11 71 38.025
11 72 29.849
11 73 73.524
11 74 38.116
11 75 90.35
11 76 33.84
11 77 45.582
11 78 86.428
11 79 56.429
11 80 17.52
11 81 9.663
11 82 24.666
11 83 34.028
11 84 13.506
11 85 6.184
11 86 17.873
11 87 38.458
11 88 53.822
11 89 47.567
11 90 24.208
11 91 67.426
11 92 82.187
11 93 84.305
11 94 75.515
11 95 82.189
11 96 39.891
11 97 38.416
11 98 47.929
11 99 91.959
12 13 62.492
12 14 73.401
12 15 15.978
12 16 63.171
12 17 4.92
12 18 65.67
12 19 22.529
12 20 37.744
12 21 95.289
12 22 49.557
12 23 30.312
12 24 65.386
12 25 45.839
12 26 34.261
12 27 58.68
12 28 38.373
12 29 62.43
12 30 80.777
12 31 31.848
12 32 45.865
12 33 52.741
12 34 2.426
12 35 95.121
12 36 24.299
12 37 71.662
12 38 59.385
12 39 92.387
12 40 41.49
12 41 4.941
12 42 11.847
12 43 54.592
12 44 81.092
12 45 66.317
12 46 75.369
12 47 31.38
12 48 18.824
12 49 57.257
12 50 69.456
12 51 43.805
12 52 73.902
12 53 83.991
12 54 70.163
12 55 97.355
12 56 98.084
12 57 13.004
12 58 45.62
12 59 55.039
12 60 8.668
12 61 94.765
12 62 90.391
12 63 80.789
12 64 21.095
12 65 29.601
12 66 44.304
12 67 35.784
12 68 59.473
12 69 81.058
12 70 68.884
12 71 18.503
12 72 70.457
12 73 28.758
12 74 28.151
12 75 4.56
12 76 15.097
12 77 23.839
12 78 64.414
12 79 47.053
12 80 48.166
12 81 30.441
12 82 55.008
12 83 52.33
12 84 28.8
12 85 81.019
12 86 23.28
12 87 35.056
12 88 98.718
12 89 58.784
12 90 87.06
12 91 66.438
12 92 92.368
12 93 35.911
12 94 85.843
12 95 9.884
12 96 18.647
12 97 62.602
12 98 17.619
12 99 30.626
13 14 72.744
13 15 25.255
13 16 95.325
13 17 44.021
13 18 73.077
13 19 26.546
13 20 98.232
13 21 97.084
13 22 29.187
13 23 60.71
13 24 78.981
13 25 38.327
13 26 12.651
13 27 20.59
13 28 30.077
13 29 28.443
13 30 37.37
13 31 13.582
13 32 94.929
13 33 97.658
13 34 82.013
13 35 11.892
13 36 89.984
13 37 41.843
13 38 82.822
13 39 88.795
13 40 93.775
13 41 28.421
13 42 84.721
13 43 82.654
13 44 22.659
13 45 23.668
13 46 31.286
13 47 8.129
13 48 94.619
13 49 58.703
13 50 9.091
13 51 87.04
13 52 27.486
13 53 2.073
13 54 50.079
13 55 85.308
13 56 52.045
13 57 63.359
13 58 80.574
13 59 35.912
13 60 97.382
13 61 49.04
13 62 16.175
13 63 91.891
13 64 16.857
13 65 48.97
13 66 76.478
13 67 68.039
13 68 27.185
13 69 17.246
13 70 97.772
13 71 19.621
13 72 6.149
13 73 75.489
13 74 79.293
13 75 12.6
13 76 71.663
13 77 48.378
13 78 65.467
13 79 90.587
13 80 36.017
13 81 72.117
13 82 35.046
13 83 20.739
13 84 20.095
13 85 31.493
13 86 6.182
13 87 36.889
13 88 23.535
13 89 96.958
13 90 79.536
13 91 97.928
13 92 21.904
13 93 59.471
13 94 17.702
13 95 30.153
13 96 75.84
13 97 95.851
13 98 18.815
13 99 29.307
14 15 9.192
14 16 8.499
14 17 40.823
14 18 23.933
14 19 20.55
14 20 8.224
14 21 81.609
14 22 53.161
14 23 19.656
14 24 28.432
14 25 25.973
14 26 57.678
14 27 38.561
14 28 21.919
14 29 76.74
14 30 28.785
14 31 40.812
14 32 54.514
14 33 5.165
14 34 11.897
14 35 6.508
14 36 41.662
14 37 85.966
14 38 70.512
14 39 23.96
14 40 96.89
14 41 65.077
14 42 12.673
14 43 10.533
14 44 54.965
14 45 69.021
14 46 45.041
14 47 19.207
14 48 56.426
14 49 27.712
14 50 3.326
14 51 39.216
14 52 83.805
14 53 4.209
14 54 14.112
14 55 10.279
14 56 9.474
14 57 41.13
14 58 10.65
14 59 14.278
14 60 52.09
14 61 11.87
14 62 78.545
14 63 46.332
14 64 52.554
14 65 65.256
14 66 57.517
14 67 93.896
14 68 94.558
14 69 92.852
14 70 66.685
14 71 5.988
14 72 40.606
14 73 46.238
14 74 42.288
14 75 74.272
14 76 89.089
14 77 9.945
14 78 18.681
14 79 14.212
14 80 15.279
14 81 19.044
14 82 24.917
14 83 39.292
14 84 10.796
14 85 17.376
14 86 62.44
14 87 52.107
14 88 30.404
14 89 13.234
14 90 36.39
14 91 44.226
14 92 50.956
14 93 98.601
14 94 10.263
14 95 96.879
14 96 41.165
14 97 59.001
14 98 11.026
14 99 76.746
15 16 74.746
15 17 9.868
15 18 51.276
15 19 89.038
15 20 85.092
15 21 11.542
15 22 57.41
15 23 81.598
15 24 20.668
15 25 55.455
15 26 76.496
15 27 66.221
15 28 74.793
15 29 10.302
15 30 71.226
15 31 94.134
15 32 87.159
15 33 24.071
15 34 77.758
15 35 9.468
15 36 56.975
15 37 85.759
15 38 75.81
15 39 19.661
15 40 98.423
15 41 6.299
15 42 98.818
15 43 32.922
15 44 3.956
15 45 95.578
15 46 75.106
15 47 32.192
15 48 90.795
15 49 7.613
15 50 73.762
15 51 3.358
15 52 87.675
15 53 26.693
15 54 79.06
15 55 91.435
15 56 46.877
15 57 81.123
15 58 54.205
15 59 41.047
15 60 45.736
15 61 81.303
15 62 49.24
15 63 19.58
15 64 45.993
15 65 69.163
15 66 67.276
15 67 59.66
15 68 50.755
15 69 6.044
15 70 32.471
15 71 6.262
15 72 13.467
15 73 81.254
15 74 95.938
15 75 93.408
15 76 80.084
15 77 86.649
15 78 79.016
15 79 41.464
15 80 26.824
15 81 52.529
15 82 18.229
15 83 27.461
15 84 71.701
15 85 24.486
15 86 69.453
15 87 67.889
15 88 60.749
15 89 32.621
15 90 33.85
15 91 5.566
15 92 1.748
15 93 21.6
15 94 66.136
15 95 4.744
15 96 54.087
15 97 83.102
15 98 96.944
15 99 67.716
16 17 89.05
16 18 18.295
16 19 23.423
16 20 89.897
16 21 73.368
16 22 95.939
16 23 88.145
16 24 4.141
16 25 16.509
16 26 75.792
16 27 14.155
16 28 61.937
16 29 87.384
16 30 94.907
16 31 43.382
16 32 15.503
16 33 42.926
16 34 73.427
16 35 9.799
16 36 2.87
16 37 41.178
16 38 47.418
16 39 52.587
16 40 57.127
16 41 32.343
16 42 46.863
16 43 18.736
16 44 5.039
16 45 68.439
16 46 28.337
16 47 78.921
16 48 98.912
16 49 28.171
16 50 80.065
16 51 25.777
16 52 14.728
16 53 81.341
16 54 61.626
16 55 81.785
16 56 90.831
16 57 21.752
16 58 40.329
16 59 33.75
16 60 79.466
16 61 37.78
16 62 17.606
16 63 97.939
16 64 90.065
16 65 84.531
16 66 59.41
16 67 24.844
16 68 77.222
16 69 43.091
16 70 54.966
16 71 41.207
16 72 65.69
16 73 36.563
16 74 61.11
16 75 85.585
16 76 10.37
16 77 74.963
16 78 44.212
16 79 89.318
16 80 54.74
16 81 60.137
16 82 20.495
16 83 54.539
16 84 64.299
16 85 84.359
16 86 89.109
16 87 6.446
16 88 47.326
16 89 68.624
16 90 28.308
16 91 55.942
16 92 68.045
16 93 94.81
16 94 31.805
16 95 53.233
16 96 58.402
16 97 63.544
16 98 41.107
16 99 46.099
17 18 86.454
17 19 5.775
17 20 83.825
17 21 57.644
17 22 43.468
17 23 48.921
17 24 74.205
17 25 38.094
17 26 49.467
17 27 13.248
17 28 34.792
17 29 55.075
17 30 60.623
17 31 17.561
17 32 76.46
17 33 9.178
17 34 50.024
17 35 32.006
17 36 39.103
17 37 58.943
17 38 72.777
17 39 69.345
17 40 39.505
17 41 97.797
17 42 80.173
17 43 90.641
17 44 55.059
17 45 80.288
17 46 34.78
17 47 84.792
17 48 55.392
17 49 15.638
17 50 75.105
17 51 14.877
17 52 75.362
17 53 13.618
17 54 69.297
17 55 30.084
17 56 21.814
17 57 85.509
17 58 73.231
17 59 80.72
17 60 45.828
17 61 49.408
17 62 62.398
17 63 28.309
17 64 70.363
17 65 42.87
17 66 54.554
17 67 74.833
17 68 84.107
17 69 22.731
17 70 80.903
17 71 50.815
17 72 44.941
17 73 79.223
17 74 5.187
17 75 98.341
17 76 36.218
17 77 71.515
17 78 15.191
17 79 68.913
17 80 27.871
17 81 21.885
17 82 37.547
17 83 31.094
17 84 53.921
17 85 66.095
17 86 66.191
17 87 26.31
17 88 88.83
17 89 50.067
17 90 22.009
17 91 87.338
17 92 60.293
17 93 32.166
17 94 51.567
17 95 25.945
17 96 73.395
17 97 52.532
17 98 65.355
17 99 52.033
18 19 27.7
18 20 13.219
18 21 98.917
18 22 8.111
18 23 25.625
18 24 64.877
18 25 85.564
18 26 53.418
18 27 37.897
18 28 64.897
18 29 37.625
18 30 41.681
18 31 69.91
18 32 95.676
18 33 57.647
18 34 49.513
18 35 62.229
18 36 91.18
18 37 14.882
18 38 51.047
18 39 60.407
18 40 66.476
18 41 35.44
18 42 19.09
18 43 27.471
18 44 90.543
18 45 30.39
18 46 53.706
18 47 33.886
18 48 40.574
18 49 74.97
18 50 78.25
18 51 2.174
18 52 62.915
18 53 35.491
18 54 66.641
18 55 97.866
18 56 93.772
18 57 45.285
18 58 52.585
18 59 87.439
18 60 32.765
18 61 43.529
18 62 27.176
18 63 22.037
18 64 71.196
18 65 36.457
18 66 5.581
18 67 63.648
18 68 43.454
18 69 7.685
18 70 29.232
18 71 12.045
18 72 10.289
18 73 63.962
18 74 11.147
18 75 90.352
18 76 25.983
18 77 20.89
18 78 84.207
18 79 78.138
18 80 61.44
18 81 53.078
18 82 35.472
18 83 88.6
18 84 10.93
18 85 50.413
18 86 85.91
18 87 23.855
18 88 71.296
18 89 33.101
18 90 16.835
18 91 58.217
18 92 91.577
18 93 18.34
18 94 21.685
18 95 60.235
18 96 40.422
18 97 4.164
18 98 46.477
18 99 20.334
19 20 87.215
19 21 90.424
19 22 32.364
19 23 98.391
19 24 7.815
19 25 72.179
19 26 89.874
19 27 23.341
19 28 64.415
19 29 69.036
19 30 47.48
19 31 83.684
19 32 11.717
19 33 41.169
19 34 42.644
19 35 69.928
19 36 29.568
19 37 36.962
19 38 13.267
19 39 44.061
19 40 72.703
19 41 8.093
19 42 45.714
19 43 58.876
19 44 60.209
19 45 6.93
19 46 33.799
19 47 38.104
19 48 50.168
19 49 24.92
19 50 5.915
19 51 45.843
19 52 65.959
19 53 69.932
19 54 71.585
19 55 87.766
19 56 88.179
19 57 39.877
19 58 4.757
19 59 37.026
19 60 73.027
19 61 6.202
19 62 56.426
19 63 86.249
19 64 66.68
19 65 33.784
19 66 96.19
19 67 31.708
19 68 63.722
19 69 38.884
19 70 98.718
19 71 3.856
19 72 44.432
19 73 93.417
19 74 59.84
19 75 92.313
19 76 85.284
19 77 86.147
19 78 43.474
19 79 61.12
19 80 8.311
19 81 24.505
19 82 45.996
19 83 49.266
19 84 31.42
19 85 78.068
19 86 69.667
19 87 23.906
19 88 34.147
19 89 67.572
19 90 60.537
19 91 15.609
19 92 12.109
19 93 34.526
19 94 54.105
19 95 40.189
19 96 28.594
19 97 61.907
19 98 37.301
19 99 17.863
20 21 42.298
20 22 76.69
20 23 27.812
20 24 85.692
20 25 94.144
20 26 8.911
20 27 16.781
20 28 91.708
20 29 90.015
20 30 69.603
20 31 4.299
20 32 57.629
20 33 91.158
20 34 10.273
20 35 33.855
20 36 75.064
20 37 18.476
20 38 64.21
20 39 89.875
20 40 34.469
20 41 81.516
20 42 32.676
20 43 54.433
20 44 16.555
20 45 45.449
20 46 59.906
20 47 72.309
20 48 12.051
20 49 37.033
20 50 75.011
20 51 9.205
20 52 36.546
20 53 75.807
20 54 27.958
20 55 36.028
20 56 24.561
20 57 24.786
20 58 96.919
20 59 5.505
20 60 36.902
20 61 10.442
20 62 25.369
20 63 21.379
20 64 25.961
20 65 38.913
20 66 1.462
20 67 27.581
20 68 23.518
20 69 96.152
20 70 51.753
20 71 64.659
20 72 58.591
20 73 38.69
20 74 68.679
20 75 78.65
20 76 26.022
20 77 37.852
20 78 82.205
20 79 5.466
20 80 59.581
20 81 96.44
20 82 12.012
20 83 3.733
20 84 71.535
20 85 82.278
20 86 86.39
20 87 55.047
20 88 61.665
20 89 15.979
20 90 98.339
20 91 81.711
20 92 40.424
20 93 56.75
20 94 40.852
20 95 44.66
20 96 71.845
20 97 84.291
20 98 23.158
20 99 62.443
21 22 50.771
21 23 30.381
21 24 14.516
21 25 65.72
21 26 91.276
21 27 33.403
21 28 48.685
21 29 53.513
21 30 2.751
21 31 70.319
21 32 6.59
21 33 53.009
21 34 85.961
21 35 75.364
21 36 92.283
21 37 30.168
21 38 24.941
21 39 67.103
21 40 38.283
21 41 74.204
21 42 51.166
21 43 67.54
21 44 64.021
21 45 51.42
21 46 15.587
21 47 61.837
21 48 30.306
21 49 93.335
21 50 68.482
21 51 54.715
21 52 68.056
21 53 67.468
21 54 46.145
21 55 4.365
21 56 23.183
21 57 54.292
21 58 88.218
21 59 57.909
21 60 32.99
21 61 8.14
21 62 21.438
21 63 51.544
21 64 18.818
21 65 98.942
21 66 5.968
21 67 71.773
21 68 61.632
21 69 40.488
21 70 58.502
21 71 73.852
21 72 36.796
21 73 71.214
21 74 20.181
21 75 82.079
21 76 51.714
21 77 91.152
21 78 9.903
21 79 38.038
21 80 38.948
21 81 54.551
21 82 42.294
21 83 76.468
21 84 25.832
21 85 64.521
21 86 84.459
21 87 45.851
21 88 80.079
21 89 56.231
21 90 74.323
21 91 68.43
21 92 53.926
21 93 22.831
21 94 94.69
21 95 61.115
21 96 29.614
21 97 47.993
21 98 9.475
21 99 27.837
22 23 38.704
22 24 96.168
22 25 89.874
22 26 65.432
22 27 73.933
22 28 11.122
22 29 68.051
22 30 48.089
22 31 68.16
22 32 21.002
22 33 84.547
22 34 75.273
22 35 62.307
22 36 30.817
22 37 40.125
22 38 35.281
22 39 14.563
22 40 42.952
22 41 91.975
22 42 15.347
22 43 84.719
22 44 76.739
22 45 76.241
22 46 13.353
22 47 45.748
22 48 29.202
22 49 19.305
22 50 95.33
22 51 83.336
22 52 92.503
22 53 59.657
22 54 85.047
22 55 31.122
22 56 61.957
22 57 51.801
22 58 25.769
22 59 60.841
22 60 39.96
22 61 75.093
22 62 82.782
22 63 94.019
22 64 88.628
22 65 9.828
22 66 26.849
22 67 49.893
22 68 25.363
22 69 46.006
22 70 84.69
22 71 72.428
22 72 4.478
22 73 93.283
22 74 51.401
22 75 23.274
22 76 16.24
22 77 29.742
22 78 87.04
22 79 89.725
22 80 62.363
22 81 89.694
22 82 67.416
22 83 64.436
22 84 43.756
22 85 36.184
22 86 29.826
22 87 59.17
22 88 44.729
22 89 37.442
22 90 39.408
22 91 62.7
22 92 96.703
22 93 19.486
22 94 62.265
22 95 73.504
22 96 93.81
22 97 6.564
22 98 93.026
22 99 94.037
23 24 57.472
23 25 59.21
23 26 28.196
23 27 35.226
23 28 14.036
23 29 24.676
23 30 41.268
23 31 48.666
23 32 67.602
23 33 59.349
23 34 97.681
23 35 93.211
23 36 61.808
23 37 20.834
23 38 69.806
23 39 51.379
23 40 18.901
23 41 13.172
23 42 21.876
23 43 23.713
23 44 95.569
23 45 87.794
23 46 41.517
23 47 32.756
23 48 94.619
23 49 34.667
23 50 26.014
23 51 75.946
23 52 85.876
23 53 9.197
23 54 69.669
23 55 32.751
23 56 93.496
23 57 61.057
23 58 4.457
23 59 46.904
23 60 10.29
23 61 30.627
23 62 3.452
23 63 86.159
23 64 46.667
23 65 45.583
23 66 37.399
23 67 72.094
23 68 69.281
23 69 43.422
23 70 13.41
23 71 28.067
23 72 97.034
23 73 39.934
23 74 4.454
23 75 52.426
23 76 18.812
23 77 70.642
23 78 9.259
23 79 54.975
23 80 16.24
23 81 31.468
23 82 79.479
23 83 94.543
23 84 64.505
23 85 10.671
23 86 15.802
23 87 26.48
23 88 33.548
23 89 22.441
23 90 22.272
23 91 18.437
23 92 91.308
23 93 88.315
23 94 34.837
23 95 90.394
23 96 92.43
23 97 44.117
23 98 89.249
23 99 23.975
24 25 27.503
24 26 7.314
24 27 96.29
24 28 10.747
24 29 49.749
24 30 49.73
24 31 36.113
24 32 28.042
24 33 28.454
24 34 71.253
24 35 58.156
24 36 27.762
24 37 32.066
24 38 5.544
24 39 21.917
24 40 21.568
24 41 83.305
24 42 40.643
24 43 84.505
24 44 12.313
24 45 81.383
24 46 45.924
24 47 11.658
24 48 84.074
24 49 52.455
24 50 31.725
24 51 94.221
24 52 87.764
24 53 11.198
24 54 43.78
24 55 87.091
24 56 73.362
24 57 16.917
24 58 97.667
24 59 58.682
24 60 27.71
24 61 23.614
24 62 16.102
24 63 6.62
24 64 23.413
24 65 96.878
24 66 72.958
24 67 20.828
24 68 5.971
24 69 15.918
24 70 26.348
24 71 67.762
24 72 83.811
24 73 62.594
24 74 87.07
24 75 36.756
24 76 76.897
24 77 19.603
24 78 29.029
24 79 31.986
24 80 70.042
24 81 63.233
24 82 55.917
24 83 48.607
24 84 83.283
24 85 27.028
24 86 27.751
24 87 87.836
24 88 88.326
24 89 38.502
24 90 96.354
24 91 15.685
24 92 31.192
24 93 87.963
24 94 14.546
24 95 21.354
24 96 79.968
24 97 27.86
24 98 34.704
24 99 46.174
25 26 33.813
25 27 49.135
25 28 36.702
25 29 94.598
25 30 61.613
25 31 31.024
25 32 26.531
25 33 42.818
25 34 95.762
25 35 12.079
25 36 35.304
25 37 94.333
25 38 24.274
25 39 55.347
25 40 37.335
25 41 7.783
25 42 55.718
25 43 44.84
25 44 6.864
25 45 71.763
25 46 14.212
25 47 49.415
25 48 24.381
25 49 25.852
25 50 20.263
25 51 39.065
25 52 52.048
25 53 35.762
25 54 3.362
25 55 88.045
25 56 78.939
25 57 70.968
25 58 77.483
25 59 60.894
25 60 81.102
25 61 92.398
25 62 68.728
25 63 92.792
25 64 85.808
25 65 33.402
25 66 59.982
25 67 59.335
25 68 19.799
25 69 1.837
25 70 9.066
25 71 54.841
25 72 23.54
25 73 92.386
25 74 89.388
25 75 6.146
25 76 88.681
25 77 20.173
25 78 68.755
25 79 31.376
25 80 73.692
25 81 14.911
25 82 65.895
25 83 60.245
25 84 41.774
25 85 8.208
25 86 24.05
25 87 98.388
25 88 2.344
25 89 88.475
25 90 72.738
25 91 48.097
25 92 35.744
25 93 60.835
25 94 55.434
25 95 6.404
25 96 39.83
25 97 46.101
25 98 72.752
25 99 32.318
26 27 71.402
26 28 33.963
26 29 34.424
26 30 75.866
26 31 24.576
26 32 47.846
26 33 29.756
26 34 92.392
26 35 68.099
26 36 6.044
26 37 83.084
26 38 48.497
26 39 33.647
26 40 56.015
26 41 97.866
26 42 23.64
26 43 57.715
26 44 85.129
26 45 64.176
26 46 63.093
26 47 35.709
26 48 3.098
26 49 43.771
26 50 96.233
26 51 14.331
26 52 34.477
26 53 37.094
26 54 18.658
26 55 35.538
26 56 66.783
26 57 51.831
26 58 20.592
26 59 87.979
26 60 67.765
26 61 51.718
26 62 88.507
26 63 54.163
26 64 85.307
26 65 50.339
26 66 52.78
26 67 53.947
26 68 85.042
26 69 86.117
26 70 53.156
26 71 54.3
26 72 98.524
26 73 95.31
26 74 43.451
26 75 45.096
26 76 13.66
26 77 22.893
26 78 87.614
26 79 46.746
26 80 39.465
26 81 55.238
26 82 51.639
26 83 39.796
26 84 67.825
26 85 16.833
26 86 9.409
26 87 41.343
26 88 5.966
26 89 4.196
26 90 87.875
26 91 46.278
26 92 1.356
26 93 79.754
26 94 20.721
26 95 89.814
26 96 75.924
26 97 61.063
26 98 65.172
26 99 32.108
27 28 70.863
27 29 21.237
27 30 47.844
27 31 25.137
27 32 34.358
27 33 76.991
27 34 38.402
27 35 24.814
27 36 48.831
27 37 32.326
27 38 61.235
27 39 2.046
27 40 56.746
27 41 49.35
27 42 93.919
27 43 61.271
27 44 22.05
27 45 32.869
27 46 81.275
27 47 11.116
27 48 17.021
27 49 33.187
27 50 80.97
27 51 79.772
27 52 41.861
27 53 46.748
27 54 43.193
27 55 13.75
27 56 84.713
27 57 28.074
27 58 24.02
27 59 17.568
27 60 87.472
27 61 74.932
27 62 68.662
27 63 69.542
27 64 52.293
27 65 57.48
27 66 64.132
27 67 5.06
27 68 14.58
27 69 92.534
27 70 67.894
27 71 89.352
27 72 6.964
27 73 74.916
27 74 30.771
27 75 30.197
27 76 2.095
27 77 83.303
27 78 36.614
27 79 66.872
27 80 44.181
27 81 91.861
27 82 11.733
27 83 59.664
27 84 90.895
27 85 64.749
27 86 26.793
27 87 64.092
27 88 17.164
27 89 64.127
27 90 6.63
27 91 18.038
27 92 96.981
27 93 91.682
27 94 31.532
27 95 51.336
27 96 88.748
27 97 74.612
27 98 47.539
27 99 40.601
28 29 46.92
28 30 46.497
28 31 41.257
28 32 10.314
28 33 39.74
28 34 97.862
28 35 80.612
28 36 33.321
28 37 40.482
28 38 71.711
28 39 61.461
28 40 64.182
28 41 8.482
28 42 26.552
28 43 1.879
28 44 39.952
28 45 60.748
28 46 39.777
28 47 1.841
28 48 22.384
28 49 20.035
28 50 87.959
28 51 32.322
28 52 49.069
28 53 79.435
28 54 25.378
28 55 2.095
28 56 9.085
28 57 11.828
28 58 45.75
28 59 76.564
28 60 61.198
28 61 13.92
28 62 66.17
28 63 41.592
28 64 39.713
28 65 56.455
28 66 97.432
28 67 30.233
28 68 67.014
28 69 15.357
28 70 68.686
28 71 63.035
28 72 42.438
28 73 17.648
28 74 20.871
28 75 52.615
28 76 79.428
28 77 91.868
28 78 71.002
28 79 65.987
28 80 6.723
28 81 14.472
28 82 25.178
28 83 25.481
28 84 10.399
28 85 51.62
28 86 51.933
28 87 85.35
28 88 47.481
28 89 78.375
28 90 78.861
28 91 74.775
28 92 57.611
28 93 19.104
28 94 22.284
28 95 18.063
28 96 97.794
28 97 1.673
28 98 74.66
28 99 58.183
29 30 21.381
29 31 20.439
29 32 60.964
29 33 62.908
29 34 1.971
29 35 93.318
29 36 92.66
29 37 18.686
29 38 4.864
29 39 10.571
29 40 18.02
29 41 56.93
29 42 77.312
29 43 65.691
29 44 49.72
29 45 61.417
29 46 76.116
29 47 77.316
29 48 15.33
29 49 1.39
29 50 32.624
29 51 72.348
29 52 24.899
29 53 97.613
29 54 18.447
29 55 32.928
29 56 11.09
29 57 15.408
29 58 68.598
29 59 5.118
29 60 18.108
29 61 85.922
29 62 84.122
29 63 28.671
29 64 85.573
29 65 32.895
29 66 89.844
29 67 57.211
29 68 36.413
29 69 24.141
29 70 97.27
29 71 62.421
29 72 81.46
29 73 78.415
29 74 70.824
29 75 35.644
29 76 98.409
29 77 15.358
29 78 12.437
29 79 30.538
29 80 4.429
29 81 53.669
29 82 93.341
29 83 60.363
29 84 49.778
29 85 44.719
29 86 10.076
29 87 95.897
29 88 54.97
29 89 43.865
29 90 95.17
29 91 76.069
29 92 46.426
29 93 51.136
29 94 61.261
29 95 82.428
29 96 68.667
29 97 26.714
29 98 78.29
29 99 4.061
30 31 59.329
30 32 56.36
30 33 41.301
30 34 22.902
30 35 77.007
30 36 5.396
30 37 46.257
30 38 98.759
30 39 42.106
30 40 93.172
30 41 55.807
30 42 5.885
30 43 47.959
30 44 94.982
30 45 13.652
30 46 22.014
30 47 86.348
30 48 73.522
30 49 41.321
30 50 70.913
30 51 2.15
30 52 35.975
30 53 40.503
30 54 61.772
30 55 44.642
30 56 40.003
30 57 85.504
30 58 64.576
30 59 6.961
30 60 63.724
30 61 55.417
30 62 59.432
30 63 32.821
30 64 53.364
30 65 61.003
30 66 81.125
30 67 22.366
30 68 89.489
30 69 81.383
30 70 40.367
30 71 28.649
30 72 1.897
30 73 56.228
30 74 54.763
30 75 78.032
30 76 8.417
30 77 70.77
30 78 92.168
30 79 98.431
30 80 44.112
30 81 7.781
30 82 48.06
30 83 60.867
30 84 46.789
30 85 96.846
30 86 34.812
30 87 64.564
30 88 44.642
30 89 52.679
30 90 68.681
30 91 52.374
30 92 31.518
30 93 28.147
30 94 60.876
30 95 54.39
30 96 95.416
30 97 15.127
30 98 49.52
30 99 62.727
31 32 65.093
31 33 15.552
31 34 63.409
31 35 56.306
31 36 17.154
31 37 35.639
31 38 42.777
31 39 61.89
31 40 16.312
31 41 71.015
31 42 46.128
31 43 70.967
31 44 19.373
31 45 75.491
31 46 7.826
31 47 82.122
31 48 98.929
31 49 60.112
31 50 11.936
31 51 49.604
31 52 25.989
31 53 91.8
31 54 37.747
31 55 42.842
31 56 97.09
31 57 83.705
31 58 27.115
31 59 21.894
31 60 40.16
31 61 32.748
31 62 41.962
31 63 49.015
31 64 2.777
31 65 71.644
31 66 97.719
31 67 79.793
31 68 83.408
31 69 54.635
31 70 17.853
31 71 92.187
31 72 3.508
31 73 28.64
31 74 3.297
31 75 10.629
31 76 15.825
31 77 41.202
31 78 31.626
31 79 96.419
31 80 66.69
31 81 63.795
31 82 79.873
31 83 79.559
31 84 36.626
31 85 26.608
31 86 5.335
31 87 2.016
31 88 50.408
31 89 29.735
31 90 23.996
31 91 51.849
31 92 31.46
31 93 30.593
31 94 77.4
31 95 14.182
31 96 58.267
31 97 7.651
31 98 9.274
31 99 60.362
32 33 96.544
32 34 80.068
32 35 4.277
32 36 64.139
32 37 13.48
32 38 19.902
32 39 69.927
32 40 41.399
32 41 22.732
32 42 58.813
32 43 18.873
32 44 6.993
32 45 85.202
32 46 55.382
32 47 31.258
32 48 33.191
32 49 80.997
32 50 38.426
32 51 97.971
32 52 58.931
32 53 32.066
32 54 39.072
32 55 14.574
32 56 31.635
32 57 16.989
32 58 84.391
32 59 36.642
32 60 56.697
32 61 4.591
32 62 97.333
32 63 98.417
32 64 4.676
32 65 70.814
32 66 25.951
32 67 5.971
32 68 95.115
32 69 62.713
32 70 29.32
32 71 13.638
32 72 76.333
32 73 28.236
32 74 11.463
32 75 8.997
32 76 62.19
32 77 17.436
32 78 73.335
32 79 96.671
32 80 80.793
32 81 34.021
32 82 18.891
32 83 33.005
32 84 45.755
32 85 49.048
32 86 3.253
32 87 58.317
32 88 56.706
32 89 77.354
32 90 22.983
32 91 98.536
32 92 16.917
32 93 54.33
32 94 39.749
32 95 29.419
32 96 88.044
32 97 59.425
32 98 19.887
32 99 89.826
33 34 3.019
33 35 39.574
33 36 19.978
33 37 92.723
33 38 10.854
33 39 53.108
33 40 93.648
33 41 64.834
33 42 77.035
33 43 38.022
33 44 6.218
33 45 59.026
33 46 26.701
33 47 38.053
33 48 27.725
33 49 7.595
33 50 39.589
33 51 79.121
33 52 10.539
33 53 35.352
33 54 39.033
33 55 85.201
33 56 53.735
33 57 29.255
33 58 16.226
33 59 76.238
33 60 52.906
33 61 77.534
33 62 22.539
33 63 22.728
33 64 5.126
33 65 31.112
33 66 1.507
33 67 44.425
33 68 44.299
33 69 54.853
33 70 12.821
33 71 11.718
33 72 91.814
33 73 71.6
33 74 74.541
33 75 40.286
33 76 24.846
33 77 54.824
33 78 27.229
33 79 80.215
33 80 36.151
33 81 81.008
33 82 54.615
33 83 50.622
33 84 42.623
33 85 2.932
33 86 24.01
33 87 43.156
33 88 36.107
33 89 34.318
33 90 74.126
33 91 71.31
33 92 54.403
33 93 85.909
33 94 19.092
33 95 68.236
33 96 96.202
33 97 40.63
33 98 41.255
33 99 96.396
34 35 3.275
34 36 55.413
34 37 2.987
34 38 71.523
34 39 79.172
34 40 38.805
34 41 82.201
34 42 38.301
34 43 86.247
34 44 31.074
34 45 85.975
34 46 26.237
34 47 69.844
34 48 4.002
34 49 98.443
34 50 71.208
34 51 38.3
34 52 69.738
34 53 94.866
34 54 38.429
34 55 49.522
34 56 84.631
34 57 55.277
34 58 2.485
34 59 62.531
34 60 15.434
34 61 16.452
34 62 53.28
34 63 25.221
34 64 4.484
34 65 25.826
34 66 63.083
34 67 36.898
34 68 67.673
34 69 16.383
34 70 10.089
34 71 74.066
34 72 92.863
34 73 57.466
34 74 37.256
34 75 4.996
34 76 7.364
34 77 24.012
34 78 8.334
34 79 87.988
34 80 44.533
34 81 98.118
34 82 64.198
34 83 95.877
34 84 81.65
34 85 86.938
34 86 15.847
34 87 23.267
34 88 20.819
34 89 76.733
34 90 3.464
34 91 62.99
34 92 34.732
34 93 38.45
34 94 74.411
34 95 19.01
34 96 50.339
34 97 77.593
34 98 97.236
34 99 52.272
35 36 31.53
35 37 66.106
35 38 27.837
35 39 21.768
35 40 26.55
35 41 6.756
35 42 34.555
35 43 81.627
35 44 83.747
35 45 9.273
35 46 27.551
35 47 55.574
35 48 68.223
35 49 96.29
35 50 14.503
35 51 9.01
35 52 45.303
35 53 31.419
35 54 98.865
35 55 27.959
35 56 28.647
35 57 39.833
35 58 39.612
35 59 84.936
35 60 77.543
35 61 69.622
35 62 32.012
35 63 39.892
35 64 49.022
35 65 4.011
35 66 98.968
35 67 13.878
35 68 90.721
35 69 91.422
35 70 66.053
35 71 11.867
35 72 49.619
35 73 94.938
35 74 80.929
35 75 72.568
35 76 81.093
35 77 6.728
35 78 16.85
35 79 49.385
35 80 78.733
35 81 70.366
35 82 51.02
35 83 80.777
35 84 59.892
35 85 48.667
35 86 91.898
35 87 96.452
35 88 89.041
35 89 17.211
35 90 23.083
35 91 94.102
35 92 49.336
35 93 50.368
35 94 38.147
35 95 68.734
35 96 22.1
35 97 8.922
35 98 26.971
35 99 85.486
36 37 15.335
36 38 45.939
36 39 58.357
36 40 84.582
36 41 12.142
36 42 61.253
36 43 2.034
36 44 3.974
36 45 31.827
36 46 97.612
36 47 38.707
36 48 54.957
36 49 41.334
36 50 58.84
36 51 67.574
36 52 91.113
36 53 58.998
36 54 97.641
36 55 97.953
36 56 44.944
36 57 60.181
36 58 23.549
36 59 91.743
36 60 81.236
36 61 98.578
36 62 31.819
36 63 41.734
36 64 37.777
36 65 44.547
36 66 34.082
36 67 65.795
36 68 19.324
36 69 37.548
36 70 29.987
36 71 6.807
36 72 96.343
36 73 41.775
36 74 57.881
36 75 63.423
36 76 4.303
36 77 90.358
36 78 8.997
36 79 30.892
36 80 8.139
36 81 55.916
36 82 79.921
36 83 4.41
36 84 68.984
36 85 73.384
36 86 50.993
36 87 16.102
36 88 20.711
36 89 92.662
36 90 11.915
36 91 57.908
36 92 78.34
36 93 10.454
36 94 4.778
36 95 56.458
36 96 55.288
36 97 31.31
36 98 13.949
36 99 33.362
37 38 40.84
37 39 8.564
37 40 58.238
37 41 63.715
37 42 45.363
37 43 12.045
37 44 94.563
37 45 65.107
37 46 16.741
37 47 51.452
37 48 20.053
37 49 98.892
37 50 58.601
37 51 22.842
37 52 44.829
37 53 67.024
37 54 76.96
37 55 7.824
37 56 49.89
37 57 40.092
37 58 26.058
37 59 36.076
37 60 9.072
37 61 24.542
37 62 83.49
37 63 35.546
37 64 91.629
37 65 30.691
37 66 57.673
37 67 39.591
37 68 66.571
37 69 24.275
37 70 85.205
37 71 94.739
37 72 69.875
37 73 81.933
37 74 38.609
37 75 64.895
37 76 35.065
37 77 49.761
37 78 53.313
37 79 84.049
37 80 40.456
37 81 47.175
37 82 15.687
37 83 44.717
37 84 12.854
37 85 3.858
37 86 12.448
37 87 89.734
37 88 88.295
37 89 37.91
37 90 79.403
37 91 11.184
37 92 57.111
37 93 36.551
37 94 28.34
37 95 55.491
37 96 14.038
37 97 60.622
37 98 33.507
37 99 50.812
38 39 35.458
38 40 21.673
38 41 20.128
38 42 19.208
38 43 14.597
38 44 74.679
38 45 15.978
38 46 5.0
38 47 24.432
38 48 72.815
38 49 52.041
38 50 9.51
38 51 18.707
38 52 57.582
38 53 73.262
38 54 11.232
38 55 89.293
38 56 91.768
38 57 2.284
38 58 26.323
38 59 35.217
38 60 52.869
38 61 18.61
38 62 31.74
38 63 68.153
38 64 91.897
38 65 66.649
38 66 12.199
38 67 70.116
38 68 78.432
38 69 56.159
38 70 11.724
38 71 41.328
38 72 48.142
38 73 95.297
38 74 55.983
38 75 96.782
38 76 20.907
38 77 81.476
38 78 27.728
38 79 96.813
38 80 89.293
38 81 96.066
38 82 27.475
38 83 52.601
38 84 51.481
38 85 35.269
38 86 19.215
38 87 56.885
38 88 3.82
38 89 93.965
38 90 48.37
38 91 81.661
38 92 79.15
38 93 29.587
38 94 67.271
38 95 35.242
38 96 83.396
38 97 89.997
38 98 56.382
38 99 55.954
39 40 18.906
39 41 58.66
39 42 4.286
39 43 97.217
39 44 83.467
39 45 97.551
39 46 59.086
39 47 94.522
39 48 56.306
39 49 23.654
39 50 83.972
39 51 60.781
39 52 80.963
39 53 8.942
39 54 66.811
39 55 54.795
39 56 64.038
39 57 85.175
39 58 31.781
39 59 6.954
39 60 13.688
39 61 97.242
39 62 15.596
39 63 20.8
39 64 6.923
39 65 37.048
39 66 77.967
39 67 9.781
39 68 20.166
39 69 4.042
39 70 67.341
39 71 41.496
39 72 32.858
39 73 78.815
39 74 82.839
39 75 67.602
39 76 34.439
39 77 59.523
39 78 72.178
39 79 12.153
39 80 77.812
39 81 69.192
39 82 1.109
39 83 4.55
39 84 58.939
39 85 28.771
39 86 57.904
39 87 25.94
39 88 9.183
39 89 84.975
39 90 36.176
39 91 95.008
39 92 53.796
39 93 24.021
39 94 29.579
39 95 13.227
39 96 42.578
39 97 93.305
39 98 27.422
39 99 53.164
40 41 3.234
40 42 71.914
40 43 8.232
40 44 43.715
40 45 20.362
40 46 57.618
40 47 17.164
40 48 5.389
40 49 65.331
40 50 12.133
40 51 29.739
40 52 46.581
40 53 53.771
40 54 34.019
40 55 3.237
40 56 38.277
40 57 76.689
40 58 55.068
40 59 64.811
40 60 1.223
40 61 7.885
40 62 14.298
40 63 77.892
40 64 58.039
40 65 89.665
40 66 21.619
40 67 89.01
40 68 22.864
40 69 30.882
40 70 53.559
40 71 53.254
40 72 25.954
40 73 78.644
40 74 6.58
40 75 50.353
40 76 68.302
40 77 28.66
40 78 96.664
40 79 17.772
40 80 87.42
40 81 50.307
40 82 29.348
40 83 95.302
40 84 40.276
40 85 49.352
40 86 1.618
40 87 37.516
40 88 24.684
40 89 58.801
40 90 44.771
40 91 30.666
40 92 39.966
40 93 19.307
40 94 31.445
40 95 80.522
40 96 63.476
40 97 64.269
40 98 25.554
40 99 62.449
41 42 38.026
41 43 61.143
41 44 77.873
41 45 26.768
41 46 20.587
41 47 90.449
41 48 78.711
41 49 7.149
41 50 57.911
41 51 17.592
41 52 62.78
41 53 37.032
41 54 61.137
41 55 61.572
41 56 15.127
41 57 46.285
41 58 79.599
41 59 48.222
41 60 5.097
41 61 35.954
41 62 2.208
41 63 15.643
41 64 8.496
41 65 55.194
41 66 81.767
41 67 25.453
41 68 39.882
41 69 75.192
41 70 54.197
41 71 7.729
41 72 8.06
41 73 44.312
41 74 44.272
41 75 46.964
41 76 2.535
41 77 70.624
41 78 36.619
41 79 73.529
41 80 61.999
41 81 4.879
41 82 26.565
41 83 46.387
41 84 74.348
41 85 55.825
41 86 41.18
41 87 94.602
41 88 43.676
41 89 52.434
41 90 64.845
41 91 81.563
41 92 40.889
41 93 88.171
41 94 71.23
41 95 16.925
41 96 80.778
41 97 29.323
41 98 1.467
41 99 9.032
42 43 92.084
42 44 43.387
42 45 53.756
42 46 97.547
42 47 30.355
42 48 92.305
42 49 85.85
42 50 10.246
42 51 9.886
42 52 81.902
42 53 90.01
42 54 15.008
42 55 73.286
42 56 73.99
42 57 6.722
42 58 2.327
42 59 84.734
42 60 74.887
42 61 58.169
42 62 8.675
42 63 48.255
42 64 26.94
42 65 79.133
42 66 90.214
42 67 48.487
42 68 27.897
42 69 51.065
42 70 18.652
42 71 60.803
42 72 88.607
42 73 63.04
42 74 60.748
42 75 40.532
42 76 76.973
42 77 85.212
42 78 1.036
42 79 39.558
42 80 94.877
42 81 22.534
42 82 43.835
42 83 22.472
42 84 6.945
42 85 23.526
42 86 38.952
42 87 40.808
42 88 78.518
42 89 10.331
42 90 79.77
42 91 10.277
42 92 37.03
42 93 17.308
42 94 11.634
42 95 65.785
42 96 84.347
42 97 41.337
42 98 31.242
42 99 95.435
43 44 24.513
43 45 28.014
43 46 45.756
43 47 27.765
43 48 6.017
43 49 31.129
43 50 37.799
43 51 66.315
43 52 35.038
43 53 97.714
43 54 86.153
43 55 81.373
43 56 93.58
43 57 25.348
43 58 83.772
43 59 88.218
43 60 74.093
43 61 60.736
43 62 93.383
43 63 60.356
43 64 63.569
43 65 29.328
43 66 58.085
43 67 57.5
43 68 28.195
43 69 84.319
43 70 88.798
43 71 21.864
43 72 14.482
43 73 40.263
43 74 17.274
43 75 15.382
43 76 22.998
43 77 59.775
43 78 44.178
43 79 50.011
43 80 17.549
43 81 91.963
43 82 46.594
43 83 17.698
43 84 97.989
43 85 6.23
43 86 61.304
43 87 76.169
43 88 57.827
43 89 43.499
43 90 11.46
43 91 79.092
43 92 66.494
43 93 24.373
43 94 10.614
43 95 62.348
43 96 21.462
43 97 39.664
43 98 40.54
43 99 55.867
44 45 42.32
44 46 86.473
44 47 43.958
44 48 11.806
44 49 5.943
44 50 65.039
44 51 24.772
44 52 34.131
44 53 80.183
44 54 42.933
44 55 46.57
44 56 33.482
44 57 76.068
44 58 67.785
44 59 40.123
44 60 83.168
44 61 78.796
44 62 92.295
44 63 69.326
44 64 33.696
44 65 53.49
44 66 11.187
44 67 10.638
44 68 40.618
44 69 42.958
44 70 8.485
44 71 84.083
44 72 62.867
44 73 1.25
44 74 57.724
44 75 59.287
44 76 66.31
44 77 12.8
44 78 51.643
44 79 31.463
44 80 1.797
44 81 6.966
44 82 4.737
44 83 63.503
44 84 25.141
44 85 43.746
44 86 43.268
44 87 91.331
44 88 13.309
44 89 16.098
44 90 51.7
44 91 62.199
44 92 68.761
44 93 78.789
44 94 17.245
44 95 90.694
44 96 67.802
44 97 89.681
44 98 41.175
44 99 29.477
45 46 93.305
45 47 50.559
45 48 76.802
45 49 55.379
45 50 24.252
45 51 68.25
45 52 77.365
45 53 98.224
45 54 92.693
45 55 25.309
45 56 44.426
45 57 50.468
45 58 35.515
45 59 34.387
45 60 11.55
45 61 37.882
45 62 22.045
45 63 88.92
45 64 62.27
45 65 23.212
45 66 18.232
45 67 64.771
45 68 52.613
45 69 8.805
45 70 65.55
45 71 38.65
45 72 91.133
45 73 12.316
45 74 43.529
45 75 65.856
45 76 68.343
45 77 28.927
45 78 49.793
45 79 43.334
45 80 90.806
45 81 26.661
45 82 92.266
45 83 59.921
45 84 79.024
45 85 28.49
45 86 13.099
45 87 72.497
45 88 43.733
45 89 90.382
45 90 71.096
45 91 71.851
45 92 13.159
45 93 41.529
45 94 36.079
45 95 37.191
45 96 52.556
45 97 22.756
45 98 82.864
45 99 22.299
46 47 61.992
46 48 70.614
46 49 75.156
46 50 83.933
46 51 41.945
46 52 2.632
46 53 43.258
46 54 72.532
46 55 57.882
46 56 72.358
46 57 90.905
46 58 81.496
46 59 77.581
46 60 44.996
46 61 79.352
46 62 39.976
46 63 16.93
46 64 40.039
46 65 14.487
46 66 69.171
46 67 13.993
46 68 19.309
46 69 35.784
46 70 45.27
46 71 48.044
46 72 42.822
46 73 45.291
46 74 46.311
46 75 46.964
46 76 11.412
46 77 20.843
46 78 17.351
46 79 53.51
46 80 12.983
46 81 80.136
46 82 67.333
46 83 21.879
46 84 61.132
46 85 23.902
46 86 60.06
46 87 13.914
46 88 24.801
46 89 84.04
46 90 13.082
46 91 83.932
46 92 22.402
46 93 14.614
46 94 33.916
46 95 71.496
46 96 63.673
46 97 74.284
46 98 76.739
46 99 87.587
47 48 62.966
47 49 70.483
47 50 64.679
47 51 27.048
47 52 23.646
47 53 35.009
47 54 65.611
47 55 13.103
47 56 26.24
47 57 92.717
47 58 28.63
47 59 73.12
47 60 66.223
47 61 55.033
47 62 13.246
47 63 94.15
47 64 1.561
47 65 27.403
47 66 53.738
47 67 55.977
47 68 29.073
47 69 40.448
47 70 62.93
47 71 68.205
47 72 48.907
47 73 38.954
47 74 47.082
47 75 63.677
47 76 56.358
47 77 73.165
47 78 75.716
47 79 5.326
47 80 95.237
47 81 77.254
47 82 51.237
47 83 96.405
47 84 79.386
47 85 85.963
47 86 91.058
47 87 56.542
47 88 63.779
47 89 21.341
47 90 15.355
47 91 56.909
47 92 20.441
47 93 95.233
47 94 56.693
47 95 7.409
47 96 36.558
47 97 94.263
47 98 20.837
47 99 98.758
48 49 93.233
48 50 44.249
48 51 33.944
48 52 66.951
48 53 87.211
48 54 63.984
48 55 90.473
48 56 14.426
48 57 10.988
48 58 37.913
48 59 73.768
48 60 72.894
48 61 19.827
48 62 95.142
48 63 35.541
48 64 33.686
48 65 79.374
48 66 24.074
48 67 62.396
48 68 94.959
48 69 67.891
48 70 11.479
48 71 19.212
48 72 81.539
48 73 58.801
48 74 88.016
48 75 94.496
48 76 83.953
48 77 77.842
48 78 61.112
48 79 39.646
48 80 35.79
48 81 34.343
48 82 60.25
48 83 91.619
48 84 15.52
48 85 72.647
48 86 75.715
48 87 25.328
48 88 29.793
48 89 12.479
48 90 72.874
48 91 73.303
48 92 98.001
48 93 69.583
48 94 22.836
48 95 10.683
48 96 12.314
48 97 54.71
48 98 36.152
48 99 98.926
49 50 64.136
49 51 45.298
49 52 60.004
49 53 76.094
49 54 15.456
49 55 58.297
49 56 34.291
49 57 29.77
49 58 72.313
49 59 30.291
49 60 40.923
49 61 15.612
49 62 49.061
49 63 95.702
49 64 45.216
49 65 82.999
49 66 95.126
49 67 26.003
49 68 59.668
49 69 95.599
49 70 91.395
49 71 86.873
49 72 78.731
49 73 4.154
49 74 1.455
49 75 34.257
49 76 76.159
49 77 65.384
49 78 12.546
49 79 85.451
49 80 87.261
49 81 83.018
49 82 82.735
49 83 48.064
49 84 88.495
49 85 97.346
49 86 20.308
49 87 74.765
49 88 31.357
49 89 64.553
49 90 85.035
49 91 59.389
49 92 4.937
49 93 84.696
49 94 87.532
49 95 17.302
49 96 51.468
49 97 70.294
49 98 85.41
49 99 71.652
50 51 21.104
50 52 97.497
50 53 21.202
50 54 60.443
50 55 66.353
50 56 74.981
50 57 2.028
50 58 22.968
50 59 34.31
50 60 76.784
50 61 3.788
50 62 45.826
50 63 28.16
50 64 3.056
50 65 86.822
50 66 23.766
50 67 65.428
50 68 48.354
50 69 95.11
50 70 73.358
50 71 64.598
50 72 97.38
50 73 41.627
50 74 23.153
50 75 78.873
50 76 13.217
50 77 38.139
50 78 44.886
50 79 77.428
50 80 29.768
50 81 25.831
50 82 77.686
50 83 61.105
50 84 20.901
50 85 61.014
50 86 61.056
50 87 81.39
50 88 35.202
50 89 87.577
50 90 64.659
50 91 45.659
50 92 62.038
50 93 78.743
50 94 65.638
50 95 29.601
50 96 35.711
50 97 71.674
50 98 5.213
50 99 26.623
51 52 86.464
51 53 59.327
51 54 52.052
51 55 72.01
51 56 47.316
51 57 15.763
51 58 91.008
51 59 15.698
51 60 19.828
51 61 49.03
51 62 65.149
51 63 79.237
51 64 42.345
51 65 74.221
51 66 1.945
51 67 90.121
51 68 59.342
51 69 55.255
51 70 7.696
51 71 76.938
51 72 23.518
51 73 10.732
51 74 36.681
51 75 20.124
51 76 72.729
51 77 8.821
51 78 56.157
51 79 23.125
51 80 85.601
51 81 82.572
51 82 63.293
51 83 36.992
51 84 65.326
51 85 41.212
51 86 60.421
51 87 82.514
51 88 76.968
51 89 74.848
51 90 54.563
51 91 83.811
51 92 96.35
51 93 55.953
51 94 31.255
51 95 52.041
51 96 2.241
51 97 61.226
51 98 34.369
51 99 43.59
52 53 52.859
52 54 67.087
52 55 72.456
52 56 38.26
52 57 70.518
52 58 58.476
52 59 93.752
52 60 34.479
52 61 67.31
52 62 35.911
52 63 63.856
52 64 91.649
52 65 59.408
52 66 60.625
52 67 33.56
52 68 50.382
52 69 65.342
52 70 60.246
52 71 96.57
52 72 32.164
52 73 53.547
52 74 71.258
52 75 44.278
52 76 94.945
52 77 45.512
52 78 1.681
52 79 55.158
52 80 52.905
52 81 20.072
52 82 90.33
52 83 91.773
52 84 35.397
52 85 35.348
52 86 94.419
52 87 93.997
52 88 25.162
52 89 80.915
52 90 6.281
52 91 61.425
52 92 83.391
52 93 72.049
52 94 76.955
52 95 14.495
52 96 24.774
52 97 10.033
52 98 98.449
52 99 52.676
53 54 15.036
53 55 4.551
53 56 96.377
53 57 38.266
53 58 89.114
53 59 50.578
53 60 34.14
53 61 71.92
53 62 34.08
53 63 11.372
53 64 56.544
53 65 91.651
53 66 83.942
53 67 98.21
53 68 34.135
53 69 91.212
53 70 20.63
53 71 38.152
53 72 84.211
53 73 14.287
53 74 85.461
53 75 50.963
53 76 69.114
53 77 88.04
53 78 59.537
53 79 21.117
53 80 54.558
53 81 91.298
53 82 12.952
53 83 5.658
53 84 10.262
53 85 13.15
53 86 53.645
53 87 19.123
53 88 55.057
53 89 81.448
53 90 16.219
53 91 74.629
53 92 15.767
53 93 46.097
53 94 75.393
53 95 21.579
53 96 79.006
53 97 14.414
53 98 63.667
53 99 2.68
54 55 87.253
54 56 49.23
54 57 58.308
54 58 29.696
54 59 31.663
54 60 67.365
54 61 97.036
54 62 24.368
54 63 1.153
54 64 32.336
54 65 80.021
54 66 16.714
54 67 34.339
54 68 46.877
54 69 54.412
54 70 82.205
54 71 94.065
54 72 75.03
54 73 90.503
54 74 96.894
54 75 59.374
54 76 37.076
54 77 78.829
54 78 61.401
54 79 90.543
54 80 43.762
54 81 93.02
54 82 87.255
54 83 93.084
54 84 51.101
54 85 44.195
54 86 53.725
54 87 47.437
54 88 37.664
54 89 65.988
54 90 43.253
54 91 41.677
54 92 96.993
54 93 85.791
54 94 21.543
54 95 42.401
54 96 66.657
54 97 26.102
54 98 48.105
54 99 82.218
55 56 29.819
55 57 30.347
55 58 3.084
55 59 32.261
55 60 46.224
55 61 61.729
55 62 48.979
55 63 26.99
55 64 11.116
55 65 20.821
55 66 92.011
55 67 98.189
55 68 27.36
55 69 50.312
55 70 37.69
55 71 8.237
55 72 71.952
55 73 1.913
55 74 52.589
55 75 50.743
55 76 23.25
55 77 58.989
55 78 65.615
55 79 31.583
55 80 63.304
55 81 91.067
55 82 4.027
55 83 70.288
55 84 98.437
55 85 81.005
55 86 96.004
55 87 46.8
55 88 16.516
55 89 2.801
55 90 27.381
55 91 87.22
55 92 1.865
55 93 66.738
55 94 55.297
55 95 87.212
55 96 25.791
55 97 97.252
55 98 81.602
55 99 57.179
56 57 21.174
56 58 48.757
56 59 13.237
56 60 62.853
56 61 34.251
56 62 40.361
56 63 79.516
56 64 41.811
56 65 71.094
56 66 63.175
56 67 61.417
56 68 85.312
56 69 78.068
56 70 73.045
56 71 85.883
56 72 79.013
56 73 50.751
56 74 94.472
56 75 83.856
56 76 15.138
56 77 15.925
56 78 48.337
56 79 75.873
56 80 23.593
56 81 7.128
56 82 56.343
56 83 50.489
56 84 49.469
56 85 48.519
56 86 34.511
56 87 8.36
56 88 93.971
56 89 82.64
56 90 55.232
56 91 10.171
56 92 62.699
56 93 82.498
56 94 87.915
56 95 68.376
56 96 42.902
56 97 69.561
56 98 97.577
56 99 29.238
57 58 14.475
57 59 41.105
57 60 70.752
57 61 25.503
57 62 33.074
57 63 20.799
57 64 2.042
57 65 29.839
57 66 55.767
57 67 49.368
57 68 15.963
57 69 63.368
57 70 7.936
57 71 53.105
57 72 57.581
57 73 66.512
57 74 7.527
57 75 80.695
57 76 49.888
57 77 76.827
57 78 47.754
57 79 4.089
57 80 88.6
57 81 38.192
57 82 94.309
57 83 12.924
57 84 39.028
57 85 63.671
57 86 23.274
57 87 68.122
57 88 56.559
57 89 88.526
57 90 40.772
57 91 59.576
57 92 37.85
57 93 63.184
57 94 12.315
57 95 29.349
57 96 70.048
57 97 61.518
57 98 2.437
57 99 85.402
58 59 87.392
58 60 27.097
58 61 88.777
58 62 78.293
58 63 92.102
58 64 42.156
58 65 34.83
58 66 97.425
58 67 5.35
58 68 10.46
58 69 83.055
58 70 1.214
58 71 42.085
58 72 93.67
58 73 11.512
58 74 60.165
58 75 5.361
58 76 29.127
58 77 96.733
58 78 16.496
58 79 65.88
58 80 74.291
58 81 57.653
58 82 58.174
58 83 70.943
58 84 85.096
58 85 85.52
58 86 10.148
58 87 85.373
58 88 45.39
58 89 68.103
58 90 16.186
58 91 79.529
58 92 42.479
58 93 80.67
58 94 94.826
58 95 37.837
58 96 98.855
58 97 43.395
58 98 29.246
58 99 65.755
59 60 80.76
59 61 61.453
59 62 58.47
59 63 59.271
59 64 54.849
59 65 56.879
59 66 78.684
59 67 98.459
59 68 60.103
59 69 26.012
59 70 27.685
59 71 84.906
59 72 70.378
59 73 22.385
59 74 71.09
59 75 65.442
59 76 65.359
59 77 2.642
59 78 14.375
59 79 39.0
59 80 53.48
59 81 70.976
59 82 24.679
59 83 89.716
59 84 45.195
59 85 93.513
59 86 60.498
59 87 21.081
59 88 37.587
59 89 45.733
59 90 69.777
59 91 74.17
59 92 42.106
59 93 36.854
59 94 48.135
59 95 8.767
59 96 12.142
59 97 17.051
59 98 67.774
59 99 22.799
60 61 75.489
60 62 27.37
60 63 80.884
60 64 32.419
60 65 94.048
60 66 86.622
60 67 68.71
60 68 7.93
60 69 18.129
60 70 79.201
60 71 23.654
60 72 90.557
60 73 70.696
60 74 50.923
60 75 80.073
60 76 61.25
60 77 66.122
60 78 4.14
60 79 41.179
60 80 28.447
60 81 42.272
60 82 59.775
60 83 80.923
60 84 88.302
60 85 87.5
60 86 7.945
60 87 37.43
60 88 25.907
60 89 40.7
60 90 16.502
60 91 47.177
60 92 89.033
60 93 46.185
60 94 55.823
60 95 91.591
60 96 8.418
60 97 51.936
60 98 82.385
60 99 94.579
61 62 31.591
61 63 70.161
61 64 82.273
61 65 47.676
61 66 32.834
61 67 1.087
61 68 72.031
61 69 44.991
61 70 50.729
61 71 83.333
61 72 48.881
61 73 45.377
61 74 49.102
61 75 11.52
61 76 60.175
61 77 2.283
61 78 2.012
61 79 15.395
61 80 94.973
61 81 22.05
61 82 93.546
61 83 50.079
61 84 50.794
61 85 85.516
61 86 12.029
61 87 57.065
61 88 38.584
61 89 91.129
61 90 92.699
61 91 16.042
61 92 39.731
61 93 19.975
61 94 22.118
61 95 30.045
61 96 88.676
61 97 89.317
61 98 9.261
61 99 79.032
62 63 48.557
62 64 49.734
62 65 31.192
62 66 70.526
62 67 24.682
62 68 75.094
62 69 42.521
62 70 40.448
62 71 61.131
62 72 18.748
62 73 3.199
62 74 17.436
62 75 16.484
62 76 64.772
62 77 20.324
62 78 65.664
62 79 85.82
62 80 76.283
62 81 95.031
62 82 25.222
62 83 98.38
62 84 51.027
62 85 41.732
62 86 82.269
62 87 30.632
62 88 35.526
62 89 8.529
62 90 15.544
62 91 81.707
62 92 59.398
62 93 12.837
62 94 95.366
62 95 25.861
62 96 43.836
62 97 4.304
62 98 31.395
62 99 90.732
63 64 33.087
63 65 90.866
63 66 23.684
63 67 81.838
63 68 63.588
63 69 64.182
63 70 25.136
63 71 34.33
63 72 34.005
63 73 14.999
63 74 47.906
63 75 47.791
63 76 4.66
63 77 45.341
63 78 20.212
63 79 18.445
63 80 80.539
63 81 40.695
63 82 53.151
63 83 16.346
63 84 18.845
63 85 73.571
63 86 48.721
63 87 9.273
63 88 60.11
63 89 54.965
63 90 40.34
63 91 30.853
63 92 95.616
63 93 62.505
63 94 75.983
63 95 79.076
63 96 63.899
63 97 95.955
63 98 92.508
63 99 30.416
64 65 52.408
64 66 68.797
64 67 28.338
64 68 46.828
64 69 80.643
64 70 97.574
64 71 86.979
64 72 39.112
64 73 62.952
64 74 34.438
64 75 75.047
64 76 48.022
64 77 61.319
64 78 81.182
64 79 63.329
64 80 36.111
64 81 96.063
64 82 57.02
64 83 70.939
64 84 46.297
64 85 53.179
64 86 39.421
64 87 27.271
64 88 49.35
64 89 43.968
64 90 24.62
64 91 70.795
64 92 2.568
64 93 31.522
64 94 93.817
64 95 95.794
64 96 84.366
64 97 68.711
64 98 96.687
64 99 25.517
65 66 94.937
65 67 89.182
65 68 73.316
65 69 57.494
65 70 20.62
65 71 82.781
65 72 94.823
65 73 23.811
65 74 27.368
65 75 33.756
65 76 22.124
65 77 47.259
65 78 69.391
65 79 63.605
65 80 51.743
65 81 10.046
65 82 74.906
65 83 85.216
65 84 57.034
65 85 73.614
65 86 21.248
65 87 69.97
65 88 26.744
65 89 41.285
65 90 96.893
65 91 45.735
65 92 77.371
65 93 8.517
65 94 77.727
65 95 43.163
65 96 40.444
65 97 97.468
65 98 76.462
65 99 69.481
66 67 7.824
66 68 64.621
66 69 98.652
66 70 8.869
66 71 28.894
66 72 91.466
66 73 28.621
66 74 41.237
66 75 67.279
66 76 4.199
66 77 62.045
66 78 53.869
66 79 75.558
66 80 40.298
66 81 42.952
66 82 15.127
66 83 56.826
66 84 87.155
66 85 69.479
66 86 89.351
66 87 45.592
66 88 65.326
66 89 54.22
66 90 18.848
66 91 49.506
66 92 90.288
66 93 37.991
66 94 28.762
66 95 55.587
66 96 5.172
66 97 74.649
66 98 73.173
66 99 95.809
67 68 78.232
67 69 2.277
67 70 34.132
67 71 77.408
67 72 96.781
67 73 38.619
67 74 6.233
67 75 31.553
67 76 86.823
67 77 62.288
67 78 44.849
67 79 84.064
67 80 74.284
67 81 65.951
67 82 96.004
67 83 32.857
67 84 91.479
67 85 83.844
67 86 24.055
67 87 1.707
67 88 7.726
67 89 19.816
67 90 41.594
67 91 19.466
67 92 84.748
67 93 7.504
67 94 76.19
67 95 30.716
67 96 29.926
67 97 89.303
67 98 49.455
67 99 86.948
68 69 93.198
68 70 29.456
68 71 67.185
68 72 15.436
68 73 73.556
68 74 62.028
68 75 1.22
68 76 32.344
68 77 46.668
68 78 18.712
68 79 79.21
68 80 58.962
68 81 93.589
68 82 49.598
68 83 86.925
68 84 48.998
68 85 91.332
68 86 38.176
68 87 50.025
68 88 81.233
68 89 47.521
68 90 70.587
68 91 61.272
68 92 90.359
68 93 68.057
68 94 73.64
68 95 1.662
68 96 97.133
68 97 70.019
68 98 49.09
68 99 60.211
69 70 19.304
69 71 82.683
69 72 22.314
69 73 1.481
69 74 89.804
69 75 42.356
69 76 4.281
69 77 51.323
69 78 33.328
69 79 30.138
69 80 68.144
69 81 23.38
69 82 31.374
69 83 86.275
69 84 77.957
69 85 19.317
69 86 68.988
69 87 42.116
69 88 77.184
69 89 94.065
69 90 40.334
69 91 6.568
69 92 91.439
69 93 34.565
69 94 6.352
69 95 49.976
69 96 68.026
69 97 72.161
69 98 86.234
69 99 34.048
70 71 49.277
70 72 93.424
70 73 23.861
70 74 79.099
70 75 85.441
70 76 50.522
70 77 40.128
70 78 49.263
70 79 35.514
70 80 76.968
70 81 34.017
70 82 21.686
70 83 32.773
70 84 47.511
70 85 27.376
70 86 37.626
70 87 87.639
70 88 38.922
70 89 50.725
70 90 3.713
70 91 67.308
70 92 58.599
70 93 27.953
70 94 58.271
70 95 55.67
70 96 81.217
70 97 79.402
70 98 15.404
70 99 61.202
71 72 81.547
71 73 35.256
71 74 7.847
71 75 79.169
71 76 1.987
71 77 63.385
71 78 78.337
71 79 48.617
71 80 74.268
71 81 57.463
71 82 33.239
71 83 60.146
71 84 53.585
71 85 2.805
71 86 41.76
71 87 58.192
71 88 81.613
71 89 6.654
71 90 37.275
71 91 56.888
71 92 66.793
71 93 13.314
71 94 25.994
71 95 89.816
71 96 93.836
71 97 42.327
71 98 12.799
71 99 63.626
72 73 21.845
72 74 38.146
72 75 64.947
72 76 31.493
72 77 22.044
72 78 56.532
72 79 30.133
72 80 1.847
72 81 51.105
72 82 25.585
72 83 7.852
72 84 37.426
72 85 47.147
72 86 46.587
72 87 74.601
72 88 98.783
72 89 26.883
72 90 84.274
72 91 49.882
72 92 17.702
72 93 56.045
72 94 5.168
72 95 72.225
72 96 44.455
72 97 90.796
72 98 80.57
72 99 91.809
73 74 10.718
73 75 25.694
73 76 75.927
73 77 25.292
73 78 20.326
73 79 66.03
73 80 17.467
73 81 80.982
73 82 24.874
73 83 35.333
73 84 61.087
73 85 10.468
73 86 65.633
73 87 21.577
73 88 32.916
73 89 35.864
73 90 27.172
73 91 46.488
73 92 34.485
73 93 44.332
73 94 29.128
73 95 25.468
73 96 9.14
73 97 30.267
73 98 71.82
73 99 11.171
74 75 14.835
74 76 3.219
74 77 41.025
74 78 20.935
74 79 26.848
74 80 48.104
74 81 23.248
74 82 62.407
74 83 67.128
74 84 20.752
74 85 67.234
74 86 91.43
74 87 20.701
74 88 44.113
74 89 80.038
74 90 30.637
74 91 86.174
74 92 28.639
74 93 30.299
74 94 54.461
74 95 92.372
74 96 28.674
74 97 94.708
74 98 28.908
74 99 8.289
75 76 12.181
75 77 53.381
75 78 74.03
75 79 40.337
75 80 5.371
75 81 86.492
75 82 91.258
75 83 94.776
75 84 1.31
75 85 93.413
75 86 23.198
75 87 40.12
75 88 26.286
75 89 37.47
75 90 57.439
75 91 43.081
75 92 60.898
75 93 22.081
75 94 68.59
75 95 38.304
75 96 90.445
75 97 21.486
75 98 13.132
75 99 43.178
76 77 49.44
76 78 91.405
76 79 12.36
76 80 80.789
76 81 76.294
76 82 67.629
76 83 34.848
76 84 29.516
76 85 81.886
76 86 17.234
76 87 80.345
76 88 68.378
76 89 66.48
76 90 61.644
76 91 8.982
76 92 2.786
76 93 62.792
76 94 18.138
76 95 69.845
76 96 89.64
76 97 71.291
76 98 58.75
76 99 51.49
77 78 22.091
77 79 78.71
77 80 30.071
77 81 86.894
77 82 51.695
77 83 19.0
77 84 35.441
77 85 97.399
77 86 71.154
77 87 48.819
77 88 91.267
77 89 3.476
77 90 65.456
77 91 19.52
77 92 38.802
77 93 10.243
77 94 44.317
77 95 13.948
77 96 97.593
77 97 12.174
77 98 21.932
77 99 38.907
78 79 59.846
78 80 86.938
78 81 61.036
78 82 37.711
78 83 92.333
78 84 10.714
78 85 5.254
78 86 5.509
78 87 41.045
78 88 23.125
78 89 70.517
78 90 6.422
78 91 92.576
78 92 70.839
78 93 31.62
78 94 19.965
78 95 75.041
78 96 11.876
78 97 91.112
78 98 20.237
78 99 76.889
79 80 92.304
79 81 78.225
79 82 14.474
79 83 57.497
79 84 68.075
79 85 49.411
79 86 89.858
79 87 82.082
79 88 55.053
79 89 81.337
79 90 89.591
79 91 90.119
79 92 17.448
79 93 52.351
79 94 25.834
79 95 71.575
79 96 54.635
79 97 71.641
79 98 35.281
79 99 56.946
80 81 73.787
80 82 79.442
80 83 98.65
80 84 11.15
80 85 47.212
80 86 56.749
80 87 68.126
80 88 37.984
80 89 84.252
80 90 34.332
80 91 58.746
80 92 14.961
80 93 31.665
80 94 77.154
80 95 28.918
80 96 96.304
80 97 37.808
80 98 27.469
80 99 82.369
81 82 86.515
81 83 61.866
81 84 30.114
81 85 81.154
81 86 80.443
81 87 96.934
81 88 69.857
81 89 61.18
81 90 13.889
81 91 35.086
81 92 63.298
81 93 73.479
81 94 87.406
81 95 30.389
81 96 25.844
81 97 50.657
81 98 46.625
81 99 96.497
82 83 77.581
82 84 79.007
82 85 10.115
82 86 59.664
82 87 14.392
82 88 17.03
82 89 90.324
82 90 71.011
82 91 20.316
82 92 68.507
82 93 6.493
82 94 97.238
82 95 14.723
82 96 84.376
82 97 96.459
82 98 44.334
82 99 78.635
83 84 49.863
83 85 95.732
83 86 87.038
83 87 42.402
83 88 57.836
83 89 23.609
83 90 82.854
83 91 1.932
83 92 25.539
83 93 21.56
83 94 67.332
83 95 26.099
83 96 85.852
83 97 63.733
83 98 47.67
83 99 26.046
84 85 35.569
84 86 27.829
84 87 97.999
84 88 75.488
84 89 76.578
84 90 54.72
84 91 36.636
84 92 76.763
84 93 16.417
84 94 26.01
84 95 51.279
84 96 93.807
84 97 58.047
84 98 9.246
84 99 57.284
85 86 28.673
85 87 6.436
85 88 59.398
85 89 61.806
85 90 9.462
85 91 80.157
85 92 2.897
85 93 96.242
85 94 47.977
85 95 17.515
85 96 76.927
85 97 26.562
85 98 82.863
85 99 59.528
86 87 34.748
86 88 38.683
86 89 32.308
86 90 20.355
86 91 5.223
86 92 35.915
86 93 92.029
86 94 17.609
86 95 11.525
86 96 68.578
86 97 29.602
86 98 88.112
86 99 15.318
87 88 92.78
87 89 68.479
87 90 95.553
87 91 38.755
87 92 60.642
87 93 78.807
87 94 36.968
87 95 5.577
87 96 49.559
87 97 32.495
87 98 51.857
87 99 16.92
88 89 73.622
88 90 95.693
88 91 89.202
88 92 63.065
88 93 27.712
88 94 18.562
88 95 44.85
88 96 84.351
88 97 21.117
88 98 83.646
88 99 63.486
89 90 31.644
89 91 16.323
89 92 34.549
89 93 56.222
89 94 18.11
89 95 95.112
89 96 28.243
89 97 80.024
89 98 10.056
89 99 68.664
90 91 8.082
90 92 67.065
90 93 52.486
90 94 60.066
90 95 49.14
90 96 94.253
90 97 66.773
90 98 27.164
90 99 6.052
91 92 45.195
91 93 19.748
91 94 58.973
91 95 34.931
91 96 47.732
91 97 35.023
91 98 15.686
91 99 79.944
92 93 18.702
92 94 96.26
92 95 9.853
92 96 89.452
92 97 33.423
92 98 45.456
92 99 35.715
93 94 73.918
93 95 18.51
93 96 75.285
93 97 48.504
93 98 84.623
93 99 13.517
94 95 34.364
94 96 54.889
94 97 13.652
94 98 10.782
94 99 27.432
95 96 82.712
95 97 89.575
95 98 5.25
95 99 83.613
96 97 73.889
96 98 8.485
96 99 18.709
97 98 70.523
97 99 44.867
98 99 28.992
