100
0 36 58.865
0 83 63.683
0 27 75.679
0 64 44.394
0 30 92.899
0 34 13.801
0 79 18.907
0 92 40.841
0 22 25.069
1 79 20.33
1 49 46.571
1 26 44.269
1 63 23.165
1 21 92.7
1 27 57.374
1 69 33.666
1 23 2.434
1 25 1.665
1 65 81.534
1 37 78.737
1 47 52.737
1 62 21.491
1 54 29.397
1 3 72.45
1 7 36.863
1 34 55.287
1 92 32.594
1 95 48.57
1 0 26.653
1 66 26.62
1 71 49.309
1 85 72.559
1 30 47.879
1 6 65.258
1 94 42.228
1 78 83.046
2 45 80.309
2 63 49.91
2 3 52.422
2 39 88.602
2 48 6.649
2 74 76.15
2 61 62.147
2 4 33.815
2 83 65.252
2 91 87.564
2 30 45.107
2 92 72.844
2 28 40.19
2 71 9.17
2 57 90.424
2 76 82.214
3 57 18.633
3 46 72.774
3 93 58.425
3 10 12.68
3 83 63.424
3 34 54.511
3 78 89.136
3 56 96.693
3 28 79.669
3 18 11.261
3 13 15.591
3 7 31.823
3 33 65.862
3 76 15.802
3 21 66.505
3 20 69.535
3 29 92.432
3 54 6.211
3 88 53.072
3 6 48.28
3 90 87.48
3 60 7.714
3 74 19.71
3 97 48.235
3 69 81.381
3 16 86.647
4 18 61.369
4 14 85.539
4 85 98.493
4 59 68.959
4 62 89.089
4 3 28.241
4 22 25.782
4 65 4.239
4 60 65.874
4 87 62.855
4 69 25.199
4 8 76.679
4 10 50.336
4 77 50.156
4 89 73.544
4 94 29.349
4 92 90.482
4 84 59.568
4 93 35.855
4 9 65.98
4 86 55.827
4 52 89.794
4 55 64.371
4 45 79.97
4 31 89.143
4 29 66.517
4 49 34.6
4 73 41.86
4 47 81.02
4 90 82.747
4 99 42.984
4 72 53.434
4 42 75.457
4 51 70.969
4 26 16.725
4 13 53.169
4 40 41.927
4 88 50.756
4 21 92.638
4 20 27.55
4 2 74.552
4 76 38.857
4 64 12.453
4 32 50.869
4 95 33.988
4 58 12.994
4 82 25.916
4 30 71.833
4 53 14.909
4 43 11.599
4 12 93.618
4 7 79.771
4 56 4.501
4 28 80.185
4 17 93.124
4 81 47.402
4 74 49.399
4 48 18.368
4 91 5.779
4 11 70.351
4 63 69.286
4 68 22.67
4 97 78.655
4 57 49.344
4 71 79.27
4 54 38.007
4 23 7.533
4 1 90.459
4 44 54.832
4 78 50.533
4 6 24.93
4 27 13.59
4 5 16.12
4 16 19.826
4 34 62.054
4 19 74.529
4 0 59.428
4 39 26.796
4 70 14.809
4 38 88.597
4 61 42.838
4 24 51.661
4 80 51.804
4 15 36.006
4 66 12.777
4 37 81.376
4 46 32.949
4 96 16.496
4 75 74.319
4 83 27.493
4 25 36.6
4 67 66.432
5 51 30.148
5 81 73.52
5 92 79.05
5 53 18.68
5 67 23.94
5 77 69.86
5 58 38.685
5 87 32.607
5 37 30.104
5 72 5.466
5 22 87.522
5 98 82.4
5 33 83.52
5 25 25.681
5 76 93.77
5 40 66.857
5 93 47.328
5 26 76.592
6 61 29.604
6 45 18.638
6 27 19.666
6 37 71.663
6 83 12.58
6 51 80.818
6 84 8.5
6 54 72.941
6 43 37.818
6 4 5.214
6 80 61.718
6 81 34.131
6 44 3.479
6 56 82.031
6 0 49.645
6 75 10.781
6 26 8.516
6 1 71.515
6 53 27.305
6 95 39.905
6 28 35.091
6 2 63.476
6 48 53.365
6 6 62.251
6 93 75.604
6 90 48.237
6 65 51.834
6 3 66.921
6 11 63.711
6 18 14.593
6 67 25.032
6 60 77.668
6 13 15.27
6 41 45.747
6 57 55.991
6 70 52.906
6 8 69.354
6 97 19.691
6 59 98.267
6 76 3.115
6 21 70.711
6 79 15.696
6 47 64.85
6 85 41.577
6 66 75.55
6 32 11.208
6 82 41.969
6 58 9.643
6 36 34.599
6 23 98.12
6 14 8.005
6 25 53.813
6 17 73.369
6 31 59.978
6 63 39.948
6 72 16.849
6 69 19.679
6 5 98.891
6 34 14.586
6 29 51.169
6 12 54.627
6 16 17.438
6 7 15.259
6 99 65.656
6 86 57.084
6 73 23.769
6 78 79.236
6 15 27.292
6 55 27.916
6 49 94.029
6 35 40.757
6 88 34.401
6 19 41.242
6 74 26.438
6 40 16.484
6 92 37.759
6 89 92.409
6 24 25.086
6 91 28.481
6 42 43.243
6 94 43.575
6 62 28.902
6 77 75.521
6 33 26.631
6 52 54.526
6 30 30.226
6 10 59.693
6 64 67.284
6 87 27.054
6 96 48.27
6 68 63.009
6 9 32.255
6 71 52.005
6 39 95.263
6 46 19.876
6 98 67.343
7 30 86.729
7 60 94.175
7 25 65.799
7 13 23.07
7 84 34.619
7 56 36.04
7 34 95.455
7 87 78.438
7 90 82.594
7 57 10.31
7 81 60.157
7 51 26.5
7 18 32.419
7 83 72.275
7 11 8.018
7 10 41.251
7 93 52.651
7 14 15.335
7 80 93.459
7 99 1.776
7 41 67.681
7 98 60.516
7 5 25.362
7 72 39.0
7 66 10.976
7 64 3.315
7 33 79.724
7 92 36.236
7 58 80.707
7 0 29.984
7 89 25.229
7 73 44.278
7 6 71.577
7 48 57.129
7 19 90.41
7 63 63.256
7 21 63.468
7 29 60.164
7 61 3.42
7 49 89.924
8 52 91.331
8 80 24.057
8 25 38.392
8 84 62.404
8 97 28.029
8 60 15.219
8 46 42.976
8 95 37.752
8 29 43.458
8 44 85.557
8 57 91.785
8 83 62.062
8 39 82.463
8 4 66.344
8 61 82.328
8 26 48.229
8 33 15.511
8 63 41.702
8 51 24.915
8 9 32.349
8 74 30.764
8 43 25.242
8 11 22.921
8 37 71.28
8 38 32.419
8 1 3.63
8 5 96.703
8 58 35.154
8 87 76.639
8 64 17.508
8 85 73.514
8 56 67.776
8 31 21.872
8 59 19.553
8 77 81.729
8 73 34.954
8 55 63.134
8 90 6.592
8 49 76.169
8 65 45.092
8 76 90.22
8 67 77.76
8 41 68.789
8 22 3.497
8 35 32.654
8 10 2.224
8 21 20.017
8 94 27.601
8 79 41.027
8 50 98.15
8 96 58.24
8 99 29.015
8 98 2.401
8 14 68.571
8 7 47.868
8 88 49.482
8 36 81.295
8 40 87.378
8 12 8.399
8 27 61.341
8 92 46.204
8 30 22.65
8 53 84.621
8 86 25.701
8 91 57.084
8 69 29.964
8 54 44.789
8 2 94.115
8 72 16.962
8 68 73.523
8 82 6.286
8 19 55.282
8 93 64.956
8 62 55.178
9 62 51.531
9 3 42.301
9 29 53.537
9 86 35.424
9 43 46.972
9 64 12.134
9 96 42.326
9 58 84.403
9 72 97.265
9 90 45.11
9 26 81.852
9 24 16.239
9 50 75.575
9 11 68.653
9 98 7.425
9 46 21.195
9 83 51.517
9 27 46.637
9 66 87.959
9 47 64.674
9 28 63.002
9 4 57.988
9 87 87.216
9 13 55.072
9 93 37.749
9 14 32.373
9 53 62.183
9 59 46.797
9 91 15.812
9 33 55.969
9 9 38.815
9 75 25.695
9 10 34.833
9 88 57.19
9 22 91.051
9 1 30.134
9 38 31.031
9 80 85.515
9 78 62.921
9 56 7.578
9 42 70.405
9 48 13.998
9 45 52.579
9 0 3.32
9 81 86.902
9 15 94.579
9 95 66.287
9 70 48.307
9 17 71.451
9 79 53.995
9 67 26.322
9 5 77.78
9 52 19.415
9 35 53.774
9 73 62.22
9 69 54.759
9 99 71.289
9 89 20.193
9 82 10.356
9 16 32.306
10 91 3.134
10 3 68.143
10 26 39.775
10 92 43.644
10 34 98.696
10 24 40.991
10 49 40.578
10 82 85.642
10 78 44.449
10 16 5.836
10 27 43.961
10 56 90.255
10 83 26.171
10 65 85.227
10 59 66.507
10 33 20.048
10 43 22.684
10 46 13.96
10 89 74.455
10 25 75.946
10 77 98.731
10 70 17.761
10 84 64.874
10 58 72.731
10 98 14.611
10 2 43.276
10 9 17.904
11 71 48.972
12 37 97.309
12 82 53.851
12 31 72.056
12 8 15.457
12 53 54.541
12 11 55.737
12 34 48.289
12 81 40.521
12 84 48.509
12 76 21.068
12 61 52.91
12 25 6.144
12 32 49.722
12 10 22.92
12 68 59.656
12 50 92.742
12 79 77.529
12 6 68.324
12 35 57.475
12 19 80.865
12 54 28.836
12 26 2.077
12 92 69.499
12 21 13.859
12 12 16.334
12 39 95.641
12 65 83.991
12 0 14.933
12 93 39.332
12 74 51.412
12 67 55.468
12 1 54.315
12 97 98.297
12 90 50.165
12 62 72.037
12 95 17.734
12 71 69.375
12 99 33.445
12 70 21.12
12 46 11.462
12 49 32.978
12 22 64.94
12 94 73.514
12 73 31.255
14 50 45.489
14 29 32.102
14 89 76.26
14 49 98.39
14 53 87.403
14 64 10.98
14 82 33.708
14 70 7.967
14 72 77.301
14 25 86.738
14 76 82.404
14 66 64.352
14 3 90.162
14 22 13.457
14 78 60.144
14 42 55.233
14 61 1.982
14 4 32.768
14 91 38.848
14 9 54.834
14 26 87.648
14 98 35.253
14 58 51.481
14 36 75.632
14 83 40.157
14 45 61.655
14 13 83.403
14 1 39.397
14 59 79.98
14 79 89.596
14 54 32.473
14 18 26.778
14 11 56.205
14 43 37.041
14 77 71.559
14 87 92.335
14 35 57.283
14 48 57.425
14 12 26.729
14 52 97.939
14 15 6.068
14 39 72.618
14 27 4.594
14 23 43.727
14 14 28.705
14 0 30.969
14 17 10.791
14 32 76.458
14 44 61.335
14 96 76.097
14 51 24.64
14 5 71.818
14 33 45.595
14 95 34.179
14 19 32.75
14 81 36.898
14 20 89.868
14 31 40.76
14 60 10.145
15 96 68.414
15 6 9.488
15 36 7.365
15 45 89.338
15 67 30.786
15 57 29.055
15 40 69.191
15 10 1.353
15 62 86.428
15 98 61.806
15 7 59.619
15 34 22.709
15 33 25.001
15 13 37.41
15 16 78.503
15 8 63.294
15 69 69.499
15 18 89.844
15 47 65.833
15 19 42.699
15 72 32.138
15 35 17.257
15 28 44.867
15 89 30.672
15 11 22.95
15 37 95.014
15 61 86.46
15 44 38.989
15 25 20.685
15 30 16.583
15 86 63.423
15 87 33.923
15 77 57.567
15 1 95.886
15 97 92.32
15 71 27.327
15 90 22.377
15 75 51.539
15 12 93.915
15 68 11.722
15 43 79.182
15 32 40.35
15 94 45.336
15 84 35.877
15 53 48.783
15 31 80.337
16 81 13.382
16 22 64.017
16 97 88.342
16 0 34.917
16 18 87.364
16 20 77.237
16 77 54.748
16 14 41.409
16 32 95.74
16 59 52.364
16 16 41.557
16 87 28.625
16 47 52.505
16 38 41.804
16 71 62.116
16 29 60.32
17 24 50.361
17 77 58.886
17 35 81.446
17 83 63.843
17 34 73.737
17 15 3.609
17 89 41.856
17 85 62.236
17 38 68.098
17 95 86.906
17 0 36.694
17 41 10.494
17 22 78.346
17 66 32.377
17 94 87.926
17 16 17.867
17 88 95.665
17 52 2.35
17 78 83.331
17 71 80.558
17 8 7.475
17 33 36.707
17 86 15.733
17 19 18.57
17 42 79.186
18 65 45.545
18 7 20.661
18 28 79.841
18 0 97.75
18 57 73.808
18 44 74.115
18 67 29.719
18 34 64.621
18 61 1.316
18 48 32.999
18 77 11.912
18 30 76.199
18 13 16.291
18 46 95.107
18 60 35.788
18 78 4.601
18 76 23.098
18 81 3.28
18 2 54.926
18 97 10.096
18 17 53.172
18 22 62.911
18 54 54.469
18 47 31.464
18 84 17.43
18 26 52.645
18 6 96.692
18 99 92.901
18 11 9.668
18 69 77.248
18 79 86.689
18 94 95.9
18 71 50.261
18 32 32.066
18 35 23.775
18 55 72.032
18 19 57.006
18 45 43.856
18 16 76.477
18 27 39.039
18 56 97.651
18 15 92.326
18 75 73.169
18 49 90.914
18 4 86.845
18 88 62.411
18 38 28.655
18 42 40.618
18 25 8.081
18 1 94.165
18 82 12.935
18 10 69.02
18 37 75.192
18 70 64.482
18 39 88.333
18 51 1.929
18 68 66.347
18 20 44.458
18 40 40.922
18 62 71.793
18 93 56.087
18 31 33.176
18 12 11.504
18 66 21.012
18 3 71.277
18 9 68.422
18 86 15.093
18 63 79.935
18 85 90.252
19 86 76.892
19 18 69.202
19 33 86.162
19 43 4.414
19 55 23.471
19 32 69.033
19 29 86.538
19 96 11.33
19 79 51.918
19 12 80.791
19 30 46.726
19 11 41.037
19 13 55.475
19 83 79.28
19 80 54.45
19 98 48.658
19 0 2.065
19 89 32.352
19 64 89.947
19 92 84.506
19 56 46.152
19 31 73.737
19 49 14.334
19 61 53.654
19 84 89.796
19 40 82.096
19 99 45.573
19 82 7.442
19 73 51.876
19 53 26.051
19 36 53.054
19 60 45.148
19 4 34.785
19 78 46.115
19 27 36.348
19 75 30.44
19 85 69.445
19 58 6.859
19 47 19.017
19 17 37.776
19 52 61.915
19 21 76.831
19 68 43.92
19 94 25.794
19 35 96.2
19 48 45.709
19 3 91.211
19 69 80.24
19 20 49.303
19 46 84.733
19 72 59.333
19 9 39.148
19 38 55.109
19 23 20.315
19 54 42.561
19 19 19.63
19 14 37.72
19 66 95.617
19 77 93.754
19 97 34.313
20 95 75.875
20 94 7.5
20 49 28.404
20 30 11.923
20 87 12.144
20 63 64.136
20 48 3.601
20 51 45.785
20 72 78.854
20 71 93.43
20 11 17.56
20 93 12.611
20 79 53.73
20 41 9.299
20 77 77.062
20 55 39.067
20 7 58.961
20 16 64.307
20 82 20.144
20 50 70.624
20 60 38.443
21 73 3.906
21 87 23.209
21 86 4.44
21 11 11.097
21 16 81.941
21 52 72.776
21 92 40.254
21 77 76.583
21 25 83.957
21 69 66.029
21 48 60.02
21 6 30.483
21 51 48.465
21 89 24.083
21 80 41.192
21 70 95.653
21 13 60.974
21 85 23.099
21 91 42.608
21 54 7.841
21 88 23.455
21 40 40.875
21 26 94.359
21 18 62.622
21 27 5.203
21 0 48.735
21 68 78.113
21 17 77.693
21 30 39.768
21 59 17.088
21 47 67.461
21 97 50.51
21 19 39.195
21 66 86.402
21 94 30.766
21 8 26.236
21 29 50.778
21 71 71.315
21 96 82.625
21 74 31.289
21 32 2.242
21 90 91.036
21 83 52.868
21 31 18.14
21 78 55.736
21 72 44.352
21 63 69.814
21 46 57.068
21 84 57.026
21 36 4.073
21 53 12.733
22 11 26.655
22 42 83.571
22 72 86.898
22 67 3.918
22 39 5.654
22 3 4.72
22 76 76.59
22 70 21.752
22 15 21.082
22 34 79.046
22 40 95.967
22 77 95.062
22 18 83.143
22 2 82.451
22 68 20.429
22 85 12.511
22 1 37.241
22 30 34.354
22 50 40.876
22 33 69.45
22 73 94.067
22 94 25.737
22 25 88.299
22 48 19.273
22 38 68.973
22 83 37.927
22 90 77.936
22 53 52.22
22 79 29.291
22 89 7.516
22 21 77.618
22 75 86.501
22 7 19.672
22 17 10.576
22 87 3.556
22 26 20.825
22 97 19.746
22 27 15.976
22 4 74.451
22 59 71.841
22 10 26.771
22 5 28.24
22 95 84.814
22 28 21.982
22 74 36.683
22 84 1.955
22 62 13.038
22 93 12.137
22 36 6.538
22 52 20.894
22 86 66.246
22 8 21.756
22 82 64.775
22 6 21.547
22 71 57.533
22 12 9.205
22 44 15.182
22 96 17.737
22 14 87.488
22 24 10.243
22 57 26.287
22 13 3.567
22 20 17.832
22 81 6.789
22 61 90.151
22 41 1.855
22 22 62.322
22 88 48.29
22 0 13.521
22 16 87.676
22 92 61.538
22 66 87.901
22 9 3.163
22 43 18.834
22 29 38.963
22 31 72.139
22 91 36.165
22 49 63.906
22 32 41.372
22 37 34.982
22 99 46.89
22 69 95.927
22 45 39.777
22 65 82.397
22 80 78.203
22 47 93.796
22 56 70.546
22 78 5.863
23 40 86.083
23 28 18.332
23 58 98.12
23 13 56.879
23 76 67.69
23 47 27.749
23 41 20.995
23 6 79.367
23 35 20.196
23 33 67.449
23 1 27.894
23 9 56.908
23 79 97.924
23 34 64.192
23 97 8.105
24 20 67.866
24 95 36.195
24 38 75.44
24 46 22.668
24 75 41.361
24 67 43.574
24 21 14.28
24 15 81.953
24 72 90.43
24 48 32.535
24 74 64.596
24 76 82.691
24 96 82.206
24 64 81.075
24 16 66.805
24 1 79.259
24 34 11.729
24 33 37.267
24 97 39.092
24 7 84.324
24 78 12.688
24 55 39.109
24 13 4.508
24 87 84.878
24 62 18.84
24 73 35.493
24 44 82.453
24 14 42.509
24 17 63.015
24 49 13.169
24 59 14.276
24 42 70.689
24 99 8.038
24 12 83.022
24 23 69.844
24 57 57.051
24 81 48.982
24 47 27.902
24 3 48.897
24 8 86.289
24 53 53.135
24 51 32.575
24 36 36.673
24 86 81.601
24 56 19.795
24 41 50.786
25 0 23.395
25 85 53.637
25 98 66.203
25 89 14.947
25 13 86.456
25 63 31.809
25 41 21.022
25 72 98.222
25 39 80.614
25 96 49.179
25 79 46.629
25 94 65.662
25 78 19.137
26 91 64.586
26 99 98.963
26 11 62.849
26 93 94.069
26 13 34.715
26 51 54.188
26 58 27.429
26 46 20.264
26 85 25.038
26 92 27.785
26 45 70.191
26 48 62.579
26 12 61.145
26 26 73.082
26 16 47.714
26 79 8.792
26 5 28.05
26 84 63.574
26 98 14.162
26 6 73.573
26 69 54.517
26 63 20.397
26 94 9.949
26 2 96.513
26 40 25.247
26 55 40.601
27 31 44.393
27 22 16.901
27 56 92.385
27 92 15.503
27 33 46.761
27 89 48.929
27 67 4.369
27 21 97.97
27 85 82.345
27 72 40.436
27 0 36.196
27 84 55.273
27 38 33.333
27 42 59.155
27 9 15.146
27 59 23.425
27 53 77.483
27 30 93.443
27 40 13.098
27 43 31.278
27 66 80.916
27 57 66.909
27 12 89.03
27 29 10.736
27 28 27.029
27 65 67.35
27 58 8.152
27 52 27.433
27 73 84.946
27 4 23.003
27 99 68.246
27 25 82.106
27 8 40.699
27 16 78.98
27 5 11.907
27 49 28.625
27 98 90.083
27 47 64.182
27 41 91.951
27 80 49.882
27 81 39.289
27 54 77.019
27 61 52.789
27 32 36.403
28 67 76.336
28 88 75.124
28 26 17.497
28 53 96.163
29 69 33.372
29 50 46.448
29 61 24.513
29 54 86.992
29 85 13.051
29 1 71.81
29 15 55.284
29 82 43.235
29 87 64.846
29 66 41.471
29 27 1.036
29 35 51.539
29 92 77.379
29 37 6.123
30 39 42.811
30 99 48.253
30 81 14.46
30 23 1.268
30 15 4.301
30 41 6.246
30 95 95.286
30 20 56.388
30 50 69.806
30 31 13.706
30 89 88.312
30 51 13.123
30 2 16.546
30 12 22.706
30 68 8.572
30 92 96.482
30 45 30.625
30 8 13.099
30 18 47.278
30 14 42.23
30 70 48.412
30 71 18.31
30 54 2.928
30 60 96.146
30 9 12.598
30 0 78.028
30 57 18.727
30 37 36.813
30 83 31.38
30 19 49.48
30 5 28.758
30 86 17.824
30 77 40.083
30 11 35.974
30 87 5.115
30 76 16.327
30 82 67.805
30 65 55.272
30 4 75.013
30 96 65.553
30 48 11.324
30 74 71.081
30 85 58.041
30 69 24.552
30 17 90.131
30 79 77.519
30 40 60.158
30 67 97.569
30 42 38.002
30 66 93.402
30 73 8.646
30 91 88.927
30 34 83.681
30 3 62.827
30 35 75.664
30 43 90.191
30 56 91.517
30 98 33.735
30 22 9.894
30 53 8.58
30 61 43.647
30 90 39.009
30 78 47.805
30 75 74.5
30 30 71.899
30 33 96.198
30 97 83.621
30 52 92.534
30 25 75.982
31 97 37.546
31 78 39.529
31 7 12.046
31 94 17.807
31 1 98.342
31 45 4.109
31 98 64.159
31 54 10.254
31 27 39.542
31 21 51.832
31 36 50.064
31 19 64.141
31 88 28.751
31 53 69.58
31 49 33.014
31 63 62.188
31 6 10.394
31 55 93.522
31 91 67.528
31 96 89.603
31 68 21.38
31 71 46.446
31 32 83.752
31 9 96.379
31 56 87.576
31 48 73.27
31 2 34.647
31 22 97.921
31 79 39.186
31 0 79.733
31 74 80.223
31 12 38.359
31 69 9.771
31 85 34.764
31 90 82.433
31 46 14.335
31 62 51.514
31 38 89.904
31 52 32.424
31 70 38.458
31 47 29.157
31 14 53.222
31 13 19.083
31 33 61.355
31 29 15.959
31 95 61.479
31 73 24.945
31 65 66.907
31 83 98.027
31 59 82.118
31 20 71.389
31 28 82.623
31 84 66.693
31 43 65.007
31 89 63.937
31 11 42.049
31 3 13.442
31 75 56.331
31 26 82.39
31 35 44.741
31 5 85.447
31 25 96.371
31 58 51.999
31 99 9.756
31 15 32.971
31 92 97.163
31 61 21.093
31 17 37.081
31 30 61.919
31 80 46.109
31 86 41.968
31 93 70.868
31 23 98.502
31 82 92.936
31 24 5.286
31 60 86.205
31 50 74.818
31 31 49.104
31 66 15.554
31 34 89.323
31 41 82.688
31 72 78.483
31 37 45.162
31 77 76.624
31 57 12.078
31 10 97.265
31 76 19.588
31 81 40.142
31 42 51.996
32 34 85.454
32 56 56.639
32 97 70.496
32 9 55.124
32 65 10.261
32 91 34.844
32 60 90.757
32 46 19.356
32 58 33.565
32 24 47.783
32 53 23.78
32 95 16.297
32 89 28.073
32 98 18.293
32 73 74.447
32 35 7.065
32 47 91.373
32 69 97.267
32 29 4.945
32 40 41.579
32 41 27.497
32 62 35.118
32 5 37.327
32 54 90.003
32 42 62.455
32 96 79.388
32 0 48.446
32 86 28.8
32 85 48.086
32 27 17.478
32 87 52.464
32 77 86.608
32 90 5.439
32 61 70.517
32 38 92.001
32 30 16.499
32 59 43.792
32 21 2.677
32 92 79.828
32 93 65.154
32 20 78.586
32 51 39.845
32 81 30.267
32 15 79.526
32 43 47.28
32 4 17.897
32 2 16.997
32 84 63.739
32 83 47.844
32 13 27.06
32 75 17.737
32 67 79.0
32 28 37.658
32 74 12.742
32 12 33.644
32 82 4.089
32 79 32.799
32 70 22.866
32 25 21.961
32 99 84.385
32 64 16.269
32 37 97.877
32 19 8.29
32 57 54.478
32 66 58.983
32 10 71.775
32 33 50.215
32 50 47.033
32 3 53.279
32 23 50.478
32 7 42.62
32 48 53.678
32 49 84.325
32 94 60.921
33 81 68.331
33 14 72.09
34 18 18.418
34 98 64.095
34 40 38.606
34 13 9.638
34 93 45.664
34 30 72.742
34 94 71.192
34 63 50.027
34 31 96.548
34 74 45.815
34 62 30.884
34 60 5.822
34 50 23.406
34 11 46.768
34 12 47.974
34 64 9.77
34 69 39.362
34 72 94.352
34 54 88.84
34 6 72.2
34 42 24.653
34 26 68.363
34 19 88.902
34 45 65.358
34 80 98.933
34 91 6.381
34 23 23.267
34 25 83.038
34 0 63.663
34 97 70.328
34 61 36.146
34 86 51.462
34 92 65.938
34 7 91.506
34 59 1.737
34 15 33.172
34 81 51.39
34 65 89.908
34 4 69.671
34 43 26.426
34 44 25.315
34 58 59.128
34 37 89.069
34 24 21.825
34 55 55.9
34 67 80.468
34 49 71.8
34 20 41.992
34 21 63.964
34 83 86.219
34 33 68.065
34 10 80.029
34 9 39.792
34 66 65.685
34 17 78.712
34 99 84.964
34 84 50.197
34 41 24.16
34 76 56.533
34 79 93.749
34 46 80.808
34 75 76.695
34 51 92.396
34 36 56.32
34 56 48.495
34 1 67.077
34 39 14.966
34 47 88.969
34 2 61.817
34 87 98.268
35 96 59.042
35 90 69.608
35 85 53.431
35 75 31.403
35 95 13.858
35 14 32.067
35 53 96.665
35 8 66.266
35 71 79.439
35 25 55.845
35 73 96.378
35 0 91.045
35 63 72.161
35 12 32.879
35 78 80.793
35 35 57.86
35 45 96.97
35 64 56.64
35 42 91.364
35 98 70.112
35 93 86.657
35 91 26.931
35 60 35.092
35 17 38.421
35 30 10.533
35 31 88.832
35 11 60.949
35 89 89.844
35 41 83.45
35 97 24.266
35 47 25.051
35 94 22.977
35 51 91.999
35 74 77.307
35 99 94.761
35 43 70.543
35 20 75.526
35 48 20.142
35 68 56.666
35 24 68.792
35 50 57.229
35 58 65.403
35 34 17.222
35 80 39.007
35 39 63.586
35 26 14.971
35 84 70.833
35 69 98.234
36 36 90.45
36 87 5.816
36 66 18.969
36 16 94.951
36 31 46.786
36 24 59.068
36 82 13.826
36 73 26.386
36 79 59.284
36 55 18.568
36 13 17.158
37 44 81.99
37 26 90.357
37 37 60.983
37 33 45.03
37 52 98.062
37 40 24.427
37 2 56.739
37 84 93.577
37 86 55.79
37 62 1.414
37 95 47.171
37 67 85.759
37 19 19.057
37 28 38.346
37 92 42.923
37 47 8.056
37 32 31.155
37 59 88.731
37 25 49.715
37 49 62.75
37 90 91.763
37 9 31.476
37 79 13.762
37 87 88.156
37 73 55.625
37 72 76.848
37 65 40.499
37 45 21.367
37 35 47.261
37 21 85.938
37 54 12.164
37 4 82.585
37 43 21.757
37 36 71.538
37 0 41.586
37 41 15.508
37 98 17.615
37 1 58.635
37 80 35.438
37 75 64.417
37 71 53.555
37 78 95.713
37 46 49.389
37 7 74.393
37 6 78.864
37 69 66.339
38 2 44.628
38 69 98.34
38 4 33.353
38 42 38.695
38 74 92.501
38 76 51.525
38 87 51.909
38 44 16.244
38 1 63.434
38 36 16.433
38 38 72.421
38 12 57.34
38 8 38.115
38 78 73.435
38 6 62.129
38 43 70.824
38 15 24.182
38 57 72.323
38 86 1.726
38 64 20.341
38 35 44.288
38 7 80.157
38 23 88.337
38 80 97.691
38 51 60.555
38 46 41.986
38 98 91.451
38 72 76.262
38 30 92.926
38 10 75.555
38 11 92.938
38 79 27.988
38 53 26.083
38 91 29.959
38 52 52.396
38 9 3.433
38 27 63.001
38 81 23.413
38 20 27.088
38 85 84.818
38 28 98.35
38 66 50.128
38 37 76.517
38 90 53.916
38 39 21.111
38 14 1.26
38 16 34.876
38 54 43.75
38 26 38.799
38 65 59.412
38 88 33.212
38 21 77.136
38 17 60.721
38 33 78.23
38 68 60.277
38 82 41.707
38 67 67.626
38 93 52.553
38 95 85.805
38 3 25.198
38 22 58.592
38 59 60.897
38 83 78.117
38 63 16.292
38 56 34.227
38 41 55.368
38 5 91.014
38 31 51.656
39 57 71.486
39 33 24.475
39 70 17.567
39 91 59.598
39 39 91.826
39 16 6.548
39 67 1.454
39 94 74.906
39 23 56.829
39 84 53.764
39 20 86.3
39 80 69.351
39 66 7.227
39 19 74.364
39 76 1.645
39 25 81.825
39 35 20.561
39 85 13.914
39 75 37.545
39 0 37.89
39 4 73.941
39 82 12.906
39 44 83.441
39 5 27.52
39 73 83.315
39 71 8.638
39 29 41.391
39 54 90.303
39 22 71.551
39 62 69.761
39 79 22.178
39 40 8.896
39 15 33.992
39 24 84.491
39 89 77.684
39 99 90.713
39 96 46.961
39 60 11.932
39 69 25.934
39 64 10.436
39 61 96.009
39 87 52.023
39 52 5.009
39 97 51.809
39 21 78.911
39 3 64.324
39 47 28.589
39 59 39.923
39 74 30.5
39 56 5.352
39 11 11.206
39 92 72.555
39 34 4.719
39 13 76.11
39 81 2.961
39 1 57.539
39 10 25.394
39 78 2.595
39 7 52.314
39 42 36.992
39 9 28.501
39 72 77.183
39 45 41.558
39 41 79.47
39 90 31.715
39 58 79.734
39 77 75.681
39 95 7.307
39 36 45.854
39 32 97.798
39 18 32.295
39 48 28.627
39 43 86.118
39 2 52.836
39 8 7.548
39 63 76.528
39 37 71.979
39 50 29.386
39 68 18.559
39 51 45.303
39 17 78.94
39 93 81.484
39 26 10.722
39 12 96.846
40 62 27.625
40 28 81.712
40 87 34.222
40 56 38.472
40 47 95.049
40 26 10.761
40 37 13.335
40 17 4.856
40 85 17.54
40 24 39.029
40 10 17.627
40 16 16.423
40 57 74.743
40 55 94.62
40 41 14.812
40 45 10.772
40 29 23.862
40 64 54.756
40 61 35.14
40 66 45.391
40 80 34.419
40 1 7.831
40 11 55.834
40 27 56.588
40 25 15.542
40 81 64.472
40 6 84.026
40 42 62.005
40 67 95.718
40 97 13.833
40 83 7.363
40 79 8.594
40 32 52.813
40 51 29.418
40 20 62.518
40 73 72.272
40 63 74.94
40 31 2.862
40 98 68.889
40 74 85.362
40 8 70.701
40 70 92.921
40 65 77.595
40 36 6.078
40 14 51.925
40 92 33.337
40 35 64.512
40 75 72.532
40 18 28.708
40 72 85.086
40 49 59.256
40 69 68.611
40 82 7.379
40 89 83.9
40 15 28.56
40 68 28.282
40 12 79.723
40 21 13.62
40 60 16.313
41 78 15.775
41 96 64.819
41 26 79.184
41 27 91.252
41 25 2.449
41 4 57.112
41 84 52.075
41 90 77.144
41 95 65.724
41 43 21.351
41 5 29.756
41 28 32.47
41 89 26.403
41 82 33.761
41 60 35.755
42 75 96.056
42 41 60.582
42 97 67.541
42 64 10.926
42 16 1.006
42 95 61.052
42 93 69.36
42 19 81.311
42 12 67.005
42 39 30.714
42 67 37.532
42 74 52.267
42 24 92.611
42 51 87.821
42 54 50.123
42 94 79.151
43 6 25.141
43 35 47.516
43 19 62.243
43 83 4.807
43 7 93.929
43 94 32.616
43 84 71.061
43 44 83.686
43 66 67.136
43 55 39.164
43 78 19.732
43 42 84.986
43 51 86.544
43 77 42.336
43 21 58.669
43 25 24.411
43 40 78.883
43 10 31.123
43 89 12.329
43 27 29.635
43 49 55.029
43 58 48.805
43 71 77.781
43 28 27.563
43 15 44.588
43 39 39.277
43 45 81.979
43 68 87.814
43 64 21.006
43 13 39.671
43 90 10.228
43 62 7.232
43 0 90.137
43 2 25.822
43 73 65.051
43 48 67.205
43 30 95.485
43 72 12.279
43 81 57.823
43 67 33.952
43 69 49.104
43 88 66.435
43 52 30.841
43 59 38.132
43 56 59.99
43 46 18.952
43 8 42.985
43 31 5.04
43 26 1.561
43 34 47.75
43 23 66.515
43 86 79.275
43 91 8.157
43 79 9.174
43 76 55.775
43 3 47.93
43 80 70.986
43 14 36.376
43 99 10.262
43 5 72.481
43 22 82.874
43 75 18.663
43 38 23.678
43 29 25.317
43 41 19.896
43 61 22.42
43 57 33.898
43 17 35.411
43 32 44.038
43 92 86.237
43 54 24.318
43 53 70.915
43 33 63.415
43 96 94.856
43 43 66.012
43 37 61.025
43 87 39.096
43 97 16.612
43 47 30.926
43 16 45.645
43 24 25.489
43 4 10.709
43 11 55.06
43 18 80.203
43 36 53.989
43 9 47.567
43 93 5.159
43 60 37.981
45 73 29.609
45 28 41.826
45 97 34.814
45 57 53.587
45 32 76.604
45 3 66.754
45 40 15.932
45 25 15.515
45 33 4.345
45 53 23.448
45 21 2.699
45 81 18.386
45 64 88.797
45 99 60.958
45 10 79.787
45 42 1.056
45 63 57.801
45 59 53.01
46 7 35.485
46 81 8.637
46 0 5.913
46 80 16.974
46 82 91.391
46 2 65.163
46 41 51.418
46 78 8.348
46 86 41.744
46 73 51.669
46 51 44.208
46 35 89.909
46 3 70.653
46 75 64.403
46 84 50.612
46 97 86.622
46 68 18.858
46 79 98.427
46 8 38.859
46 49 52.376
46 59 79.846
46 64 69.829
46 74 58.117
46 38 9.353
46 42 94.515
46 27 49.133
46 34 87.151
46 30 76.185
46 36 65.593
46 85 93.699
46 92 67.822
46 17 88.559
46 44 85.579
46 62 39.846
46 14 39.465
47 45 33.202
47 97 97.562
47 49 32.207
47 98 63.752
47 69 53.064
47 79 30.801
47 75 78.121
47 2 31.216
47 41 3.479
47 91 5.728
47 22 56.21
47 23 91.132
47 74 88.109
47 94 16.997
47 50 31.132
47 9 67.007
47 68 84.351
47 6 18.814
47 0 19.361
47 56 90.008
47 18 9.719
47 82 6.439
47 93 30.259
47 62 30.229
47 71 94.349
47 29 44.897
47 14 56.631
47 51 93.699
47 19 19.116
47 28 80.835
47 78 68.275
47 59 42.334
47 47 51.338
47 81 27.542
47 46 62.178
47 65 46.289
47 87 88.917
47 10 42.086
47 4 46.443
47 53 38.391
47 64 26.011
47 89 72.029
47 84 26.415
47 90 91.155
47 48 50.648
47 13 85.441
47 73 96.967
47 67 9.267
47 30 23.861
47 54 91.128
47 83 69.6
47 80 18.843
47 3 18.608
47 86 81.207
47 63 30.522
47 52 21.09
47 43 25.573
47 77 79.473
47 61 17.255
47 33 41.027
47 17 51.705
47 21 1.712
47 92 10.573
47 15 91.969
47 42 10.94
47 76 66.691
47 88 89.885
47 85 94.869
47 58 22.041
48 28 10.779
48 72 81.706
48 64 82.975
48 22 56.991
48 39 61.569
48 98 49.6
48 58 22.97
48 85 89.327
48 8 10.598
48 77 88.918
48 23 80.382
48 62 43.925
48 99 8.648
48 68 44.731
48 37 43.47
48 3 1.808
48 46 13.694
48 24 74.588
48 61 78.398
48 47 59.242
48 35 37.157
48 32 98.9
48 94 88.275
48 54 80.165
48 51 29.273
48 7 6.761
48 81 72.002
48 0 4.504
48 84 47.886
48 36 47.231
48 19 66.009
48 27 80.372
48 16 95.568
48 11 16.872
48 86 87.135
48 92 36.997
48 79 1.836
48 49 77.447
48 21 54.701
48 14 6.998
48 67 68.554
48 38 2.688
48 74 68.777
48 90 51.922
48 78 52.324
48 87 92.841
48 12 28.448
48 6 62.131
48 93 17.496
48 83 60.432
48 52 94.015
48 25 78.534
48 10 90.343
48 73 30.364
48 50 91.404
48 26 60.884
48 65 98.363
48 15 85.946
48 80 41.314
49 41 80.765
49 66 62.237
49 92 74.013
49 54 70.516
49 33 28.551
49 23 78.201
49 90 38.213
49 64 78.832
49 7 49.444
49 77 43.047
49 52 61.968
49 73 18.246
49 83 21.524
49 40 47.254
49 2 46.547
49 69 43.202
49 59 61.96
49 16 94.766
49 49 23.703
49 55 24.635
49 70 79.336
49 22 88.568
49 0 65.038
49 80 85.399
49 12 34.766
49 44 31.424
49 43 3.263
49 3 15.358
49 38 11.078
49 65 96.069
49 91 4.682
49 76 3.006
49 94 18.505
49 5 58.537
49 79 25.281
49 98 36.711
49 86 26.273
49 20 40.559
49 78 34.673
49 29 37.582
49 18 31.568
49 97 59.177
49 11 74.835
49 87 88.781
49 28 55.001
49 10 59.619
49 85 54.238
49 74 77.108
49 95 20.901
49 68 29.418
49 81 70.116
49 19 32.002
49 58 1.037
49 6 26.007
49 13 82.709
50 97 16.462
50 65 25.706
50 38 16.645
50 1 15.358
50 34 33.435
50 31 49.805
50 58 38.272
50 51 94.638
50 50 40.798
50 33 13.723
50 18 57.277
50 13 13.831
51 49 42.108
51 30 91.867
51 89 96.268
51 51 48.853
51 25 82.68
51 67 12.504
51 27 89.343
51 21 88.925
51 17 5.241
51 69 77.973
51 68 82.89
51 7 65.881
51 92 98.958
51 22 10.488
51 33 14.2
51 78 16.207
51 93 50.181
51 2 19.6
51 19 39.469
51 48 97.152
51 31 68.412
51 95 36.381
51 65 48.437
51 56 82.994
51 43 69.315
51 4 40.127
51 13 44.129
51 91 33.208
51 72 30.911
51 3 98.664
51 40 37.449
51 18 51.766
52 3 12.712
52 76 24.085
52 23 41.088
52 52 9.596
52 24 28.091
52 13 26.986
52 39 55.183
52 20 16.82
52 86 56.374
52 7 20.805
52 4 51.37
52 28 76.672
52 35 64.686
52 17 34.412
52 87 67.308
52 47 98.679
52 26 38.939
52 14 61.694
52 83 52.276
52 6 89.329
52 32 50.28
52 78 49.684
52 68 2.163
52 18 43.025
52 93 18.367
52 80 89.922
52 61 73.83
52 95 15.455
52 65 64.492
52 22 90.268
52 89 54.335
52 62 5.692
52 67 11.007
52 91 40.974
52 40 25.461
52 43 67.72
52 88 43.166
52 58 34.707
52 8 86.56
52 69 20.092
52 31 64.519
52 70 55.126
52 37 26.249
52 92 5.708
52 74 10.135
52 98 26.714
52 60 10.735
52 82 50.307
52 77 15.27
52 48 16.713
52 9 35.875
52 34 47.291
52 73 89.117
52 53 90.364
52 84 31.107
52 36 56.588
52 19 76.682
52 49 44.527
53 34 81.042
53 88 14.506
53 4 69.942
53 79 76.293
53 57 5.451
53 69 53.317
53 64 65.229
53 82 4.042
53 28 83.394
53 22 4.683
53 36 40.539
53 12 9.912
53 67 59.287
53 63 36.739
53 92 76.416
53 24 26.07
53 58 1.752
53 77 77.72
53 84 6.174
53 27 1.538
53 41 56.002
53 75 93.549
53 40 39.218
53 25 45.491
53 93 86.045
53 61 1.491
53 81 88.146
53 91 48.415
53 70 18.624
53 35 40.198
53 72 36.305
53 13 17.443
53 29 29.899
53 2 53.253
53 90 51.935
53 85 63.35
53 48 44.24
53 32 76.33
53 97 93.124
53 80 44.808
53 65 67.554
53 53 46.488
53 45 5.077
53 38 92.16
53 89 21.392
53 44 11.26
53 49 96.709
53 96 31.352
53 98 53.006
53 7 75.452
53 74 57.928
53 39 93.47
53 60 26.094
53 76 55.34
53 11 5.692
53 1 5.403
53 5 2.885
53 62 36.628
54 5 91.532
54 89 92.482
54 86 29.242
54 59 4.917
54 35 38.231
54 21 6.234
54 81 36.988
54 98 71.552
54 94 36.789
54 36 74.135
54 38 7.775
54 63 55.391
54 24 86.013
54 17 67.484
54 11 31.901
54 29 35.442
54 71 61.194
54 0 78.654
54 54 14.05
54 40 1.96
54 23 73.642
54 6 26.055
54 56 14.999
54 30 52.522
54 75 67.609
54 7 36.499
54 3 64.042
54 78 65.425
54 77 6.11
54 53 82.426
54 8 53.662
54 42 60.627
54 44 7.124
54 4 53.663
54 64 45.935
54 76 45.326
54 19 4.507
54 99 89.784
54 45 22.66
54 85 22.949
54 20 1.454
54 92 4.102
54 27 84.97
54 62 31.649
54 93 30.198
54 15 36.832
54 48 80.532
54 1 66.323
54 55 17.669
54 74 29.555
54 33 89.929
54 65 61.606
54 58 34.871
54 82 84.505
54 83 51.479
54 43 4.149
54 73 8.382
54 14 59.478
56 86 59.966
56 64 77.378
56 8 30.731
56 41 14.925
56 46 89.878
56 98 34.005
56 82 69.37
56 95 63.255
56 60 1.141
56 93 67.424
56 47 30.384
56 96 49.913
56 52 40.421
56 79 36.703
56 90 22.653
56 75 26.972
56 6 72.521
56 58 13.379
56 11 33.434
56 36 10.617
56 4 76.39
56 65 84.853
56 29 38.162
56 73 37.94
56 39 15.612
56 54 41.959
56 0 7.293
56 27 79.61
56 14 97.949
56 87 12.262
56 13 30.155
57 35 97.773
57 63 94.001
57 55 89.848
57 51 2.106
57 49 66.456
57 89 65.427
57 65 69.131
57 90 6.715
57 69 3.103
57 0 75.361
57 47 9.145
57 28 76.74
57 86 66.971
57 77 33.291
57 68 57.845
57 38 30.081
57 6 6.329
57 59 78.632
57 83 66.098
57 88 38.593
57 22 87.748
57 19 51.142
57 7 28.736
57 25 86.085
57 21 76.152
57 48 52.295
57 56 48.544
57 39 22.648
57 82 60.422
57 13 62.654
57 66 31.91
57 16 80.343
57 53 52.233
57 85 74.019
57 46 22.179
57 92 13.977
57 10 35.822
57 30 58.345
57 1 48.45
57 42 57.013
57 78 94.927
57 14 4.499
57 93 61.398
57 29 15.047
57 67 1.435
57 79 15.196
57 71 85.811
57 52 18.637
57 41 53.557
57 8 78.066
57 84 70.9
57 9 78.499
57 27 91.71
57 23 29.664
57 57 44.78
57 81 33.532
57 97 70.763
57 91 19.395
57 74 49.448
57 58 51.82
57 12 28.473
57 75 51.292
57 31 89.785
57 96 10.02
57 50 66.636
57 33 18.871
57 73 67.44
57 72 9.19
57 18 41.597
57 37 15.904
57 64 51.684
57 43 96.754
57 94 88.234
57 3 33.719
57 87 57.439
57 26 15.034
58 14 70.449
58 60 59.49
58 30 48.963
58 90 13.599
58 72 52.775
58 48 16.374
58 93 80.191
58 20 85.09
58 36 58.056
58 34 49.231
58 3 54.738
58 46 84.633
58 99 54.509
58 26 72.242
58 86 31.995
58 83 35.853
58 21 16.073
58 35 19.876
58 47 5.546
58 0 34.307
58 88 43.906
58 51 66.825
58 25 93.055
58 97 42.759
58 17 62.223
58 39 17.202
58 18 26.12
58 37 24.371
58 6 39.212
58 81 6.214
58 38 79.115
58 80 52.405
58 91 54.944
58 9 24.213
58 1 55.761
58 29 53.93
58 95 81.653
58 53 71.381
58 2 13.98
58 68 12.321
58 78 62.608
58 84 72.088
58 56 44.476
58 76 56.842
58 43 54.696
58 11 44.579
58 28 55.208
58 75 32.308
58 70 66.682
58 54 11.371
58 94 77.635
58 5 87.344
58 16 87.696
58 61 96.4
58 87 38.936
58 74 88.065
58 57 19.772
58 49 16.138
58 40 63.41
58 27 9.556
58 58 85.878
58 69 64.667
58 41 76.307
58 98 57.921
58 82 22.117
58 67 29.47
58 96 65.892
58 15 23.458
58 19 42.802
58 52 90.676
58 42 41.634
58 8 98.11
58 7 66.683
58 50 31.437
58 55 27.602
58 89 37.962
58 65 59.311
58 24 31.296
58 33 40.473
59 14 98.125
59 23 43.797
59 27 54.78
59 46 1.965
59 45 74.629
59 66 86.168
59 99 74.747
59 16 84.259
59 10 35.626
59 0 19.401
59 82 21.0
59 43 86.0
59 53 26.43
59 24 11.75
59 50 18.162
59 68 60.619
59 61 11.055
59 54 61.282
59 39 74.761
59 74 43.012
59 3 68.999
59 40 61.266
59 35 58.606
59 21 6.577
59 58 42.526
59 60 85.139
59 8 70.987
59 19 85.751
59 83 56.403
59 12 15.969
59 71 29.418
59 52 7.663
59 63 28.575
59 15 55.273
59 78 1.232
59 88 37.76
59 11 68.756
59 65 35.158
59 67 86.685
59 56 85.989
59 70 85.344
59 76 23.583
59 18 5.849
59 91 29.684
59 17 32.197
59 49 74.797
59 30 30.899
59 6 72.036
59 44 34.37
59 55 63.235
59 94 64.733
59 41 4.976
59 73 13.614
59 97 22.244
59 34 42.791
59 13 84.909
59 47 8.932
59 26 4.756
59 98 15.131
59 95 54.103
59 9 17.165
59 7 53.641
59 48 42.503
59 1 58.297
59 33 2.512
59 75 41.876
59 5 12.537
59 57 72.107
59 87 25.586
59 81 63.684
59 80 66.041
59 38 28.449
59 85 70.72
59 86 38.522
59 51 14.661
59 72 98.141
59 31 48.023
59 20 36.48
59 62 89.153
59 89 34.262
59 36 91.07
59 69 43.131
59 90 80.478
59 37 63.285
59 2 36.404
59 93 58.81
59 42 62.359
59 96 1.48
59 92 61.73
59 28 66.286
59 4 35.822
59 64 46.907
59 29 86.45
59 77 19.914
59 22 65.7
59 59 21.388
59 79 33.918
60 44 38.061
60 30 41.528
60 87 57.115
60 79 35.266
60 35 30.091
60 12 9.203
60 40 23.738
60 46 50.125
60 88 56.292
60 13 96.586
60 85 16.058
60 80 53.986
60 18 41.62
60 94 89.603
60 52 57.492
60 43 16.981
60 53 64.807
60 6 84.006
60 20 77.786
60 39 54.943
60 95 5.215
60 33 90.672
60 8 54.748
60 22 64.409
60 75 53.207
60 89 22.939
60 72 49.728
60 23 43.919
60 98 61.61
60 31 7.513
60 38 74.454
60 25 86.384
60 36 22.675
60 74 49.846
60 26 78.353
60 14 6.702
60 41 82.733
60 11 14.62
60 82 90.477
60 63 78.504
60 51 58.921
60 45 15.111
60 97 75.444
60 21 1.761
60 0 96.155
60 76 47.989
60 77 33.086
60 56 43.79
60 59 72.468
60 70 17.823
60 17 28.977
60 84 37.099
60 50 7.343
60 16 13.474
60 93 79.364
60 55 38.702
60 9 1.82
61 59 97.006
61 26 23.261
61 23 26.386
61 17 13.308
61 80 27.018
61 69 65.506
61 62 58.469
61 86 41.958
61 87 40.484
61 90 44.533
61 91 85.495
61 75 74.533
61 43 71.306
61 71 9.617
61 56 36.711
61 46 49.054
61 88 7.487
61 41 97.726
61 49 85.287
61 16 36.17
61 32 74.794
61 39 28.634
61 33 97.931
61 99 95.431
61 98 85.774
61 96 69.751
61 18 27.661
61 11 21.775
61 94 18.939
61 65 14.22
61 53 56.522
61 21 94.458
61 7 51.842
61 63 51.536
61 85 85.522
61 76 81.432
61 93 85.089
61 1 7.879
61 44 63.664
61 19 95.125
61 5 28.045
61 57 44.987
61 42 14.423
61 30 88.785
61 4 59.205
61 73 7.339
61 81 66.577
61 84 5.231
61 12 49.634
61 6 68.403
61 20 75.024
61 77 50.501
61 36 87.5
61 66 33.976
61 55 2.566
61 48 18.766
61 14 83.142
61 47 11.108
61 50 41.053
61 0 17.761
61 3 87.876
61 13 96.115
61 82 9.743
61 95 40.27
61 34 30.771
61 79 95.385
61 22 20.545
61 45 68.316
61 40 81.039
61 15 70.706
61 25 89.304
61 61 6.765
61 28 25.137
61 52 74.495
61 37 25.209
61 51 45.146
61 70 78.147
61 9 11.904
61 31 61.171
61 8 25.682
61 83 62.064
61 35 93.725
61 58 42.004
61 74 4.082
61 54 38.038
61 24 70.142
61 89 73.992
61 38 43.52
61 2 31.07
61 67 86.331
61 64 33.85
62 87 93.768
62 9 59.832
62 16 51.09
62 35 48.31
62 11 58.717
62 70 47.179
62 69 67.656
62 60 44.223
62 97 74.766
62 67 55.924
62 99 56.991
62 65 78.65
62 8 68.285
62 55 31.773
62 43 15.829
62 28 95.552
62 47 98.888
62 21 83.694
62 75 83.723
62 61 78.472
62 40 53.208
62 78 71.07
62 25 98.019
62 94 93.721
62 85 70.241
62 79 68.367
62 36 38.559
62 5 8.142
62 80 29.177
62 51 92.155
62 32 3.624
62 37 18.926
63 44 29.508
63 78 24.591
63 52 68.296
63 24 69.552
63 56 44.807
63 3 64.974
63 72 25.832
63 94 82.379
63 38 54.072
63 73 81.06
64 60 88.222
64 42 83.581
64 75 44.59
64 33 53.736
64 97 48.103
64 43 42.168
64 70 76.193
64 4 75.006
64 92 81.208
64 6 75.926
64 35 33.131
64 99 56.453
64 18 42.213
64 72 20.704
64 38 64.014
64 17 63.634
64 2 68.645
64 32 68.478
64 54 76.417
64 5 53.924
64 61 3.498
64 29 82.646
64 76 63.916
64 68 51.027
64 83 76.127
64 73 69.239
64 36 40.942
64 98 79.753
64 51 44.375
64 13 22.778
64 28 74.057
64 80 83.093
64 58 44.493
64 90 33.231
64 49 73.847
64 37 9.435
64 89 5.801
64 81 37.64
64 53 66.159
64 34 38.41
64 19 54.945
64 56 74.288
64 46 25.633
64 20 21.39
64 52 80.247
64 69 73.716
64 63 77.208
64 47 2.944
64 55 31.61
64 44 91.831
64 31 1.109
64 93 40.898
64 48 49.505
64 15 70.247
64 21 45.54
64 40 96.874
64 0 98.032
64 65 1.338
64 10 55.237
64 59 38.127
64 86 45.832
64 7 20.872
64 87 76.736
64 11 67.344
64 82 75.626
64 50 34.583
64 77 30.895
64 91 16.235
64 24 6.099
64 16 90.176
65 23 44.917
65 26 49.326
65 90 54.635
65 34 54.899
65 17 15.057
66 96 82.177
66 38 7.967
66 86 45.44
66 53 51.566
66 15 46.678
66 6 86.283
66 84 77.903
66 45 14.726
66 95 28.661
66 36 62.119
66 4 33.187
66 70 69.338
66 75 91.324
66 56 60.11
66 44 3.766
66 47 44.331
66 29 51.825
66 25 32.056
66 30 6.047
66 48 86.481
66 39 4.347
66 2 37.315
66 16 19.581
66 55 44.398
66 54 23.634
66 8 88.551
66 60 7.714
66 59 10.998
66 65 56.368
66 64 63.134
66 97 12.008
66 78 54.998
66 14 76.569
66 69 61.289
66 7 60.933
66 0 78.709
66 77 33.462
66 32 49.583
66 40 1.43
66 61 46.29
66 63 62.337
66 19 35.751
66 91 50.353
66 74 61.337
66 57 23.127
66 21 20.718
66 41 44.656
66 3 98.057
66 98 40.113
66 93 6.25
66 9 45.389
66 82 34.17
66 42 97.614
66 94 42.835
66 66 71.367
66 5 2.485
66 52 91.266
66 37 80.179
66 22 36.89
66 43 14.31
66 83 95.38
66 68 32.225
66 73 49.52
66 89 64.656
66 49 62.606
66 92 24.784
66 23 60.646
66 24 55.381
66 88 38.802
66 85 34.238
66 18 11.086
66 33 78.927
66 87 3.867
66 26 73.416
66 90 4.294
66 17 77.944
66 11 18.855
66 76 51.476
66 58 20.959
66 28 2.714
66 50 64.031
66 67 98.92
66 1 22.479
66 81 86.025
66 13 49.466
66 79 77.566
66 20 58.556
66 35 12.38
66 31 50.017
66 27 83.516
66 80 39.653
66 71 26.405
67 34 10.265
67 56 78.852
67 63 11.478
67 89 54.126
67 97 73.099
67 81 5.206
67 94 70.539
67 41 51.439
67 17 7.033
67 5 64.841
67 42 51.619
67 33 71.467
67 16 38.727
67 22 30.448
67 95 61.104
67 40 27.991
67 3 90.865
67 71 66.787
67 70 95.284
67 28 15.126
67 8 37.481
67 24 40.716
67 54 55.059
67 12 87.97
67 85 93.395
67 62 27.351
67 21 65.808
67 32 84.619
67 75 30.702
67 38 34.239
67 23 49.842
67 74 76.119
67 19 67.951
67 1 1.119
67 64 77.835
67 48 16.23
67 0 57.998
67 2 38.266
67 61 42.355
67 87 92.684
67 58 48.021
67 14 83.263
67 83 81.888
67 55 19.772
67 51 72.664
67 68 60.879
67 35 93.698
67 6 1.864
67 18 30.572
67 50 65.77
67 84 31.463
67 26 32.868
67 39 61.357
67 92 41.772
67 31 50.13
67 86 3.707
67 66 8.811
67 27 72.819
67 57 23.203
68 22 70.263
68 8 37.978
68 28 26.824
68 55 70.209
68 60 77.698
68 31 32.373
68 73 63.53
68 35 25.583
68 24 41.34
68 34 77.892
68 69 75.03
68 87 4.767
68 79 86.218
68 95 28.593
68 5 78.661
68 78 5.333
68 65 27.046
68 83 57.86
68 13 10.479
68 7 2.542
68 25 79.764
68 99 85.945
68 50 52.109
68 29 67.036
68 77 82.324
68 68 32.405
68 15 30.419
68 67 55.418
68 6 73.595
68 39 16.566
68 40 25.008
68 20 13.472
68 90 88.695
68 89 57.456
68 43 63.76
68 49 40.597
68 2 44.033
68 72 64.571
68 80 65.431
68 21 8.546
68 27 34.696
68 18 2.281
68 98 35.992
68 70 93.549
68 64 35.087
68 75 67.25
68 85 87.237
68 82 80.085
68 53 80.045
68 86 39.224
68 19 24.027
69 8 80.045
69 5 14.62
69 89 46.865
69 19 29.507
69 16 34.383
69 36 5.447
69 79 26.644
69 44 58.526
69 39 31.23
69 18 26.766
69 24 63.203
69 86 90.608
69 74 56.313
69 93 35.737
69 20 52.133
69 26 86.656
69 29 45.54
69 90 42.477
69 95 44.727
69 65 85.333
69 72 27.052
69 52 23.227
69 10 54.004
69 43 22.136
69 67 70.172
69 38 18.809
69 75 55.557
69 98 5.917
69 40 12.117
69 17 8.197
69 87 96.068
69 51 50.584
69 46 85.657
69 31 30.84
69 45 28.796
69 47 25.302
69 4 71.8
69 34 63.551
69 1 11.806
69 59 79.021
69 28 60.574
69 68 64.974
69 15 95.547
69 42 12.761
69 88 1.14
69 11 74.503
69 69 76.345
69 41 84.347
69 96 32.369
69 64 86.584
69 22 92.099
69 14 90.743
69 27 16.072
69 97 35.686
69 81 28.476
69 53 74.255
69 25 69.881
69 3 47.809
69 54 20.589
69 85 38.427
69 2 52.634
69 35 71.307
69 83 1.996
69 55 10.442
69 73 91.497
69 63 23.462
69 58 18.589
69 92 60.08
69 60 40.332
69 94 52.843
69 30 7.782
69 33 48.734
69 21 31.647
69 12 85.715
69 6 80.681
69 56 23.621
69 78 85.177
70 41 22.198
70 35 15.523
70 32 9.694
70 23 89.988
70 17 20.322
70 39 54.321
70 73 88.842
70 62 47.255
70 92 13.883
70 16 83.76
70 65 53.343
70 78 54.61
70 90 35.876
70 40 19.303
70 58 30.148
70 36 53.791
70 64 14.273
70 46 52.85
70 1 86.836
70 51 42.2
70 60 9.288
70 19 97.558
70 77 81.724
70 55 26.962
70 27 66.244
70 59 79.356
70 75 56.319
70 15 31.338
70 13 84.58
70 7 33.782
70 43 23.596
70 72 12.22
70 8 87.93
70 18 2.397
70 33 92.391
70 14 92.537
70 57 36.679
70 95 1.616
70 67 12.234
70 47 51.909
70 26 28.484
70 84 57.313
70 11 62.397
70 97 65.669
70 6 24.908
70 96 65.93
70 87 8.768
70 48 47.29
70 20 93.144
70 44 52.929
70 50 49.15
70 24 71.861
70 25 38.252
70 81 52.403
70 85 58.747
70 79 8.22
70 99 12.293
70 38 49.79
70 34 10.601
70 86 73.625
70 3 10.568
70 69 97.932
70 76 13.198
70 29 16.233
70 10 20.739
70 30 37.024
70 88 14.419
70 66 81.873
70 22 92.881
70 68 6.969
71 4 2.765
71 93 21.742
71 53 9.726
71 52 74.562
71 67 36.912
71 83 79.995
71 47 1.885
71 13 83.343
71 91 63.331
71 84 22.363
71 14 13.353
71 81 19.285
71 11 29.004
71 87 80.502
71 71 35.676
71 89 85.144
71 92 10.754
71 58 95.926
71 31 33.391
71 39 81.229
71 22 16.435
71 19 49.241
71 40 90.564
71 28 27.73
71 68 33.6
71 46 50.474
71 82 41.982
71 21 89.898
71 3 68.906
71 80 77.952
71 20 82.34
71 17 68.623
71 54 46.343
71 66 16.892
71 96 76.392
71 15 82.226
71 86 36.263
71 30 59.537
71 48 52.364
71 49 58.301
71 85 42.063
71 27 70.934
71 95 95.694
71 56 17.858
71 76 62.46
71 42 74.548
71 50 53.818
72 31 97.894
72 55 40.567
72 56 51.253
72 51 76.803
72 43 21.905
72 53 83.744
72 35 79.107
72 36 27.223
72 9 66.393
72 41 49.311
72 84 88.955
72 65 61.692
72 39 92.936
72 14 32.34
72 91 91.473
72 61 9.111
72 67 10.555
72 69 21.331
72 30 17.883
72 68 62.043
72 12 65.748
72 89 80.409
72 25 57.281
72 94 35.795
72 11 49.563
73 96 84.06
73 89 60.023
73 7 31.13
73 94 90.952
73 18 55.309
73 33 33.75
73 61 98.418
73 65 59.237
73 56 18.002
73 43 21.485
73 40 18.771
73 95 93.064
73 88 51.319
73 54 6.489
73 78 68.744
73 41 55.065
73 27 71.855
73 67 31.804
73 21 52.908
73 77 19.979
73 8 8.087
73 72 11.504
73 20 14.247
73 53 52.903
73 97 27.242
73 14 47.79
73 73 13.908
73 85 31.792
73 23 29.442
73 13 9.452
73 45 35.546
73 69 27.181
73 22 59.974
73 70 62.086
73 30 5.646
73 91 9.546
73 1 55.676
73 0 83.924
73 17 80.237
73 84 28.164
73 24 60.68
73 59 94.006
73 62 35.551
73 75 15.845
73 34 29.184
73 74 39.557
73 3 47.402
73 12 82.044
73 29 50.601
73 39 30.808
74 67 49.797
75 81 10.456
75 74 2.974
75 3 61.799
75 44 66.701
75 36 7.45
75 46 38.087
75 91 6.57
75 18 6.105
75 47 90.36
75 24 89.269
75 94 46.184
75 49 11.179
75 68 22.492
75 29 31.145
75 7 72.441
75 39 79.909
75 63 40.852
75 66 42.14
75 87 61.956
75 88 65.034
75 97 66.828
75 2 3.699
75 76 66.054
75 19 41.316
75 12 36.88
75 17 73.557
75 77 24.252
75 23 72.555
75 42 38.256
75 62 7.129
75 65 82.353
75 25 23.916
75 28 66.017
75 16 22.006
75 54 22.77
75 15 19.504
75 98 63.713
75 13 71.262
75 89 6.76
75 86 5.042
75 79 83.136
75 73 66.131
75 37 96.142
75 96 58.184
75 40 62.006
75 34 98.214
75 70 74.423
75 6 74.523
75 92 83.22
75 51 32.783
75 41 40.115
75 9 20.897
75 38 24.642
75 48 41.096
75 43 56.304
75 78 89.335
75 5 68.06
75 20 23.349
75 56 26.155
75 67 32.31
75 58 74.871
75 1 45.492
75 99 84.871
75 11 98.04
75 95 9.302
75 27 20.484
75 57 65.182
75 26 49.104
75 0 95.609
75 61 57.445
75 71 73.902
75 22 72.718
75 53 74.11
75 90 26.877
75 60 2.365
75 85 38.964
75 35 12.276
75 50 58.593
75 52 24.716
75 31 52.61
76 39 2.71
76 30 1.117
76 80 7.72
76 35 98.783
76 76 48.223
76 84 33.072
76 45 60.234
76 60 75.928
76 79 55.154
76 68 52.063
76 70 61.901
76 61 38.122
76 74 3.979
76 93 36.541
76 7 24.899
76 43 24.851
76 14 15.53
76 96 37.72
76 90 98.907
76 54 24.84
76 28 25.077
76 75 71.6
76 52 82.743
76 9 67.194
76 49 19.353
76 29 44.704
76 37 12.616
76 51 70.563
76 19 12.738
76 26 40.092
76 5 77.069
76 46 5.466
76 15 28.685
76 38 93.797
76 65 92.096
76 0 49.329
76 20 8.165
76 64 25.392
76 56 86.38
76 58 35.628
76 63 53.848
76 82 21.613
76 78 83.983
76 55 2.836
76 3 55.302
76 4 87.033
76 86 31.499
76 1 9.304
76 34 57.646
76 23 83.257
76 50 49.926
76 81 85.407
76 13 42.054
76 36 54.518
76 22 38.368
76 99 59.426
76 95 24.219
76 33 86.926
76 88 59.69
76 40 52.743
76 89 63.695
76 32 73.844
76 31 74.165
76 71 24.996
76 16 3.673
76 17 54.402
76 10 53.655
76 24 73.595
76 73 71.028
76 27 93.23
76 25 95.343
76 83 83.313
76 67 13.607
76 91 25.416
77 43 21.938
77 66 55.983
77 40 20.744
77 70 85.227
77 7 14.182
77 89 45.488
77 60 21.342
77 30 59.508
77 71 38.049
77 63 2.695
77 39 8.303
77 59 4.884
77 62 13.2
77 2 35.651
77 55 59.873
77 18 16.191
77 88 15.487
77 69 83.469
77 98 19.116
77 68 79.338
77 38 91.317
77 67 74.755
77 80 58.23
77 77 34.465
77 44 31.369
77 72 33.193
77 52 32.316
77 74 78.59
77 93 77.658
77 41 96.253
77 35 21.062
77 9 39.63
77 45 23.084
77 32 79.337
77 8 55.851
77 94 15.569
77 78 48.596
77 65 12.705
77 36 51.087
77 82 25.434
77 84 76.089
77 58 22.924
77 13 93.689
77 92 91.773
78 18 13.479
78 73 78.147
78 95 11.691
78 87 18.842
78 93 7.632
78 77 58.886
78 65 92.186
78 85 48.218
78 62 89.271
78 86 51.482
78 84 14.017
78 76 29.01
78 51 4.565
78 34 15.841
78 42 17.348
78 31 13.678
78 29 28.936
78 23 14.155
78 38 34.257
78 24 24.192
78 81 45.324
78 11 73.31
78 63 98.614
78 10 39.642
78 70 6.263
78 55 49.484
78 90 57.484
78 50 98.265
78 64 16.371
78 60 5.744
78 92 46.062
78 16 3.366
78 89 83.531
78 96 2.607
78 20 12.821
78 9 61.349
79 99 11.245
79 37 57.906
79 5 45.375
79 16 96.11
79 32 82.473
79 66 13.244
79 36 44.555
79 22 75.835
79 83 29.038
79 79 62.903
79 0 43.232
79 93 63.278
79 3 49.058
79 46 29.875
79 39 55.212
79 51 31.098
79 52 15.45
79 57 94.039
79 11 28.885
79 95 13.79
79 59 28.213
79 67 45.105
79 55 81.721
79 25 25.686
79 33 5.688
79 35 17.717
79 88 60.659
79 30 79.961
79 65 61.503
79 50 61.733
79 12 60.285
79 23 97.577
79 49 22.376
79 64 31.175
79 13 50.554
79 97 21.104
79 54 62.581
79 15 45.189
79 29 20.158
79 81 57.552
79 69 50.931
79 20 87.519
79 8 80.999
79 74 74.429
79 45 33.405
79 80 18.314
79 31 73.376
79 34 63.146
79 90 81.892
79 85 68.431
79 98 25.974
79 24 7.101
79 44 49.511
79 89 30.397
79 82 80.694
79 91 53.088
79 21 96.976
79 9 87.609
79 6 10.245
79 2 68.988
79 56 73.48
80 65 34.603
81 74 31.255
81 8 65.945
81 37 56.781
81 2 36.923
81 3 24.66
81 6 94.109
81 96 92.377
81 33 15.46
81 1 42.953
81 18 47.715
81 78 52.35
81 35 26.046
81 53 33.579
81 11 47.986
81 98 95.806
81 95 40.865
81 7 65.388
81 69 80.366
81 4 11.51
81 28 75.997
81 27 5.842
81 40 50.46
81 59 67.736
81 16 34.618
81 75 17.132
81 36 83.18
81 48 73.525
81 29 73.747
81 77 80.28
81 49 16.436
81 14 45.625
81 88 20.45
81 92 59.635
81 76 73.997
81 70 30.467
81 64 52.811
81 80 92.247
81 43 82.878
81 9 26.821
81 25 69.526
81 68 49.01
81 83 38.498
81 82 70.581
81 26 35.451
81 23 17.693
81 38 3.88
81 81 10.704
81 50 12.165
81 84 33.07
81 10 97.426
81 51 27.995
81 86 7.132
81 44 87.364
81 91 46.265
81 89 56.959
81 58 20.562
81 12 72.966
81 32 18.774
81 0 26.25
81 5 58.723
81 85 28.729
81 52 37.906
81 97 77.333
81 99 17.295
81 55 10.821
81 57 36.985
81 13 87.711
81 56 20.14
81 61 31.094
81 19 32.981
81 15 58.438
81 24 40.962
81 54 67.101
81 63 34.994
82 45 49.796
82 71 68.603
82 94 52.896
82 10 14.413
82 88 44.757
82 89 9.531
82 75 70.752
82 24 71.896
82 7 32.919
82 82 57.015
82 58 26.387
82 83 85.664
82 99 28.468
82 84 17.894
82 70 29.329
82 30 18.552
82 77 82.089
82 18 4.051
82 56 44.933
82 14 32.777
82 95 21.881
82 64 91.813
82 26 3.753
82 66 4.67
82 0 22.978
82 54 28.055
82 97 85.396
82 81 44.453
82 62 25.768
82 44 56.19
82 19 57.73
82 17 47.288
82 73 59.039
82 29 94.477
82 41 21.823
82 63 16.878
82 93 46.46
82 90 42.83
82 74 88.35
82 6 79.748
82 21 58.392
82 52 22.208
82 20 79.121
82 59 22.681
82 4 28.553
82 15 25.547
82 51 73.147
82 80 32.1
82 79 85.45
82 5 87.834
82 98 61.495
82 39 47.253
82 13 39.749
82 38 91.604
82 47 25.313
82 65 85.361
82 37 79.875
82 72 63.303
82 11 46.132
82 50 35.388
82 53 65.707
82 3 3.998
82 85 25.155
82 49 97.365
82 76 88.474
82 78 72.005
82 33 93.92
82 46 18.794
82 60 17.366
82 25 96.343
82 16 77.644
82 32 25.092
82 87 95.481
82 1 4.702
82 27 29.413
82 61 58.396
82 40 89.361
82 57 18.059
82 9 61.004
83 49 65.617
83 25 74.346
83 76 54.465
83 26 77.943
83 88 91.27
83 44 75.783
83 24 7.525
83 77 2.765
83 18 75.684
83 9 70.289
83 66 59.275
83 78 47.852
83 5 11.333
83 1 87.903
83 75 75.804
83 30 22.727
83 10 12.634
83 34 81.484
83 53 31.076
83 6 21.988
83 60 77.552
83 38 46.859
83 95 9.775
83 89 72.221
83 63 82.161
83 79 25.691
83 31 80.891
83 67 55.315
83 94 24.78
83 68 5.319
83 61 77.037
83 27 61.427
83 4 51.35
83 41 66.378
83 82 48.056
83 33 54.891
83 72 30.282
83 73 34.114
83 2 69.006
83 8 98.671
83 57 53.538
83 7 71.718
83 36 94.212
83 62 33.322
83 21 5.548
83 20 72.646
83 84 48.182
83 54 54.818
83 47 23.637
83 90 24.791
83 64 9.462
83 86 40.561
83 96 21.96
83 16 5.83
83 32 42.68
83 12 40.446
83 28 56.661
83 45 13.252
83 58 52.203
83 48 30.305
83 51 30.571
83 85 47.22
83 13 80.349
83 43 4.734
83 71 82.026
83 98 30.166
83 46 79.596
83 22 96.647
83 87 18.151
83 40 37.968
83 69 33.918
83 19 74.776
83 59 17.678
83 52 42.207
83 39 64.784
83 81 38.635
83 93 84.874
83 35 81.574
84 11 74.511
84 79 68.609
84 62 22.969
84 55 86.452
84 70 32.06
84 40 9.054
84 29 11.892
84 22 74.492
84 47 83.725
84 16 89.391
84 65 20.216
84 5 29.35
84 4 84.194
84 30 63.574
84 95 9.704
84 31 72.185
84 20 7.7
84 7 25.55
84 28 66.396
84 35 53.67
84 3 71.601
84 78 7.563
84 60 33.983
84 34 83.115
84 49 50.511
84 57 55.182
84 9 83.428
84 19 96.86
84 54 59.102
84 98 11.097
84 33 94.537
84 50 75.079
84 92 18.967
84 94 74.934
84 73 54.116
84 6 95.975
84 37 46.897
84 52 56.428
84 75 42.349
84 91 49.422
85 8 93.649
85 45 98.092
85 38 31.747
85 65 27.999
85 56 56.004
85 9 78.419
85 77 81.925
85 87 49.07
85 6 61.61
85 95 5.707
85 92 44.455
85 20 41.534
85 43 23.564
85 10 91.177
85 42 75.361
85 73 77.278
85 63 64.386
85 17 44.167
85 93 9.306
86 0 61.517
86 14 84.557
86 89 28.848
86 40 86.228
86 61 28.653
86 77 89.656
86 9 84.452
86 59 5.704
86 62 51.536
86 83 66.572
86 4 85.25
86 98 84.567
86 13 71.981
86 79 59.06
86 67 19.445
86 91 80.754
86 96 25.37
86 29 35.23
86 64 81.156
86 95 61.627
86 37 60.053
86 48 23.26
86 66 64.495
86 78 76.377
86 92 60.956
86 65 48.177
86 86 6.545
86 93 16.46
86 72 2.901
86 44 94.698
86 15 80.99
86 24 24.539
86 53 85.466
86 57 8.456
86 30 65.818
86 58 13.876
86 56 16.139
86 75 52.093
86 69 75.528
86 20 95.808
86 26 85.952
86 19 56.146
86 45 60.996
86 87 16.308
86 1 89.588
86 2 63.513
86 68 34.604
86 17 45.256
86 50 83.482
86 31 90.807
86 85 34.426
86 33 59.818
86 7 32.86
86 90 20.828
86 10 46.54
86 36 4.375
86 94 37.357
86 12 2.717
86 49 72.426
86 74 71.626
86 80 83.078
86 43 8.166
86 27 42.177
86 21 83.797
86 84 19.366
87 11 24.034
88 47 45.35
88 5 98.176
88 38 80.095
88 65 8.937
88 71 35.709
88 67 69.435
88 2 40.313
88 14 14.439
88 62 29.513
88 58 85.917
88 18 41.386
88 32 35.587
88 3 62.283
88 69 9.88
88 64 56.115
88 21 22.769
88 75 34.561
88 60 65.613
88 92 62.035
88 59 13.15
88 8 44.784
88 49 27.393
88 37 2.558
88 44 91.506
88 15 27.242
88 42 39.598
88 48 30.8
88 95 81.009
88 70 32.922
88 40 43.761
88 52 26.359
88 90 48.322
88 19 13.118
88 30 7.577
88 22 34.006
88 55 19.283
88 99 88.847
88 78 57.48
88 93 22.685
88 91 23.818
88 50 26.435
88 97 55.894
88 6 96.069
88 25 83.013
88 13 97.449
88 20 52.943
88 89 78.338
88 83 28.933
88 53 14.835
88 46 57.52
88 12 75.959
88 1 8.288
88 79 93.496
88 51 36.709
88 72 14.239
89 88 91.583
89 43 87.453
89 57 60.983
89 39 41.886
89 10 69.85
89 85 74.24
89 52 62.519
89 99 71.747
89 33 83.186
89 60 57.487
89 72 68.62
89 80 60.698
89 97 26.733
89 71 46.236
89 59 6.462
89 54 34.862
89 61 26.745
89 79 78.543
89 14 75.854
89 96 80.203
89 49 87.313
89 70 77.05
89 38 14.446
89 29 10.157
89 78 3.649
89 94 13.328
89 48 98.095
89 28 90.422
89 74 59.713
89 12 29.15
89 69 61.795
89 23 18.93
89 9 57.582
89 5 59.557
89 67 80.758
89 81 82.3
89 22 32.664
89 83 37.383
89 53 26.414
89 36 40.24
89 91 95.226
89 82 46.856
89 34 44.275
89 25 47.34
89 30 21.411
89 2 41.084
89 89 90.746
89 42 52.203
89 77 12.757
89 58 98.195
89 76 57.03
90 43 84.39
90 41 98.84
90 83 72.347
90 54 47.452
90 38 55.615
90 46 23.053
90 47 1.933
90 17 39.759
90 90 38.21
90 67 37.428
90 20 57.292
90 24 27.516
90 93 5.353
90 76 18.394
90 0 36.178
90 32 38.5
90 10 60.664
90 9 16.992
90 60 86.102
90 99 46.012
90 64 16.629
90 68 32.844
90 28 12.461
90 98 90.936
90 87 21.414
90 35 79.749
90 8 9.683
90 2 69.867
90 59 32.081
90 53 13.727
90 1 87.35
90 7 58.36
90 48 6.391
90 12 73.591
90 18 59.897
90 91 49.191
90 13 16.791
90 6 36.753
90 50 81.698
90 16 21.504
90 27 75.089
90 62 72.425
90 22 17.968
90 26 56.793
90 80 68.873
90 79 95.302
90 25 19.209
90 44 13.401
90 97 69.886
90 82 37.437
90 66 70.66
90 29 91.337
90 51 9.666
90 88 20.645
90 69 94.486
90 70 10.503
90 63 8.052
90 3 8.517
90 37 32.071
90 36 11.369
90 81 96.841
90 72 22.761
90 42 27.016
90 11 97.016
90 75 85.972
90 5 64.163
90 14 36.368
90 57 79.205
90 52 58.081
90 15 51.241
90 65 8.622
90 95 13.301
90 19 95.591
90 85 81.194
90 49 8.372
90 74 81.021
90 55 67.894
91 28 97.426
91 69 32.827
91 89 49.841
91 97 91.753
91 92 76.638
91 64 70.312
91 93 3.793
91 99 88.866
91 30 63.281
91 75 19.881
91 42 49.158
91 20 56.598
91 16 27.765
91 94 13.721
91 9 20.879
91 21 24.261
91 46 16.096
91 63 40.836
91 82 42.889
91 47 50.896
91 85 32.509
91 49 48.588
91 62 22.202
91 39 45.844
91 23 64.075
91 34 28.828
91 6 31.976
91 38 95.283
91 10 58.241
91 80 30.787
91 81 20.402
91 11 68.32
91 33 64.224
91 88 5.04
91 60 75.048
91 48 18.419
91 73 95.679
91 98 50.761
91 76 37.362
91 44 88.536
91 25 59.911
91 17 53.485
91 66 75.025
91 79 84.149
91 58 23.418
91 72 58.277
91 51 89.573
91 31 50.315
91 96 73.132
91 36 20.108
91 83 51.761
91 8 54.723
91 43 12.231
91 65 66.162
91 67 89.221
91 22 20.978
91 74 45.135
91 52 44.805
91 29 9.256
91 54 9.507
91 14 19.427
91 86 33.027
91 68 59.072
91 35 93.788
91 95 20.683
91 32 40.813
91 53 98.757
91 91 21.519
91 5 60.169
91 12 57.652
91 2 4.463
91 13 11.405
91 3 1.624
91 0 28.511
91 15 69.751
91 61 28.975
91 18 75.076
92 63 97.764
92 45 57.383
92 78 58.979
92 2 21.702
92 4 97.136
92 68 11.437
92 15 23.339
92 88 64.682
92 37 93.614
92 95 15.452
92 61 60.011
92 8 80.332
92 91 32.275
92 35 44.739
92 83 36.571
92 39 28.131
92 47 62.961
92 49 43.242
92 23 36.168
92 3 91.658
92 73 12.171
92 55 9.673
92 12 39.445
92 64 60.005
92 18 64.943
92 36 54.143
92 62 34.234
92 17 83.146
92 10 60.99
92 81 19.36
92 56 43.02
92 58 80.082
92 60 78.188
92 94 83.285
92 48 87.952
92 57 54.3
92 90 87.652
92 67 26.532
92 46 93.506
92 74 48.432
92 93 31.455
92 16 83.584
92 86 52.855
92 54 26.472
92 7 33.541
92 44 8.913
92 26 98.726
92 42 39.293
92 52 65.301
92 97 32.058
93 48 88.32
93 66 88.58
93 49 85.713
93 73 91.7
93 32 88.577
93 20 29.233
93 77 83.979
93 41 97.631
93 65 94.622
93 93 32.652
93 36 41.025
93 56 82.793
93 59 21.105
93 26 37.262
93 76 77.501
93 28 71.617
93 52 95.123
93 43 45.918
93 94 59.187
93 6 31.298
93 38 9.35
93 54 45.201
93 81 82.402
93 87 1.346
93 24 35.563
93 74 73.9
93 80 47.839
93 25 88.071
93 64 87.875
93 60 40.382
93 53 80.984
93 95 49.223
93 19 1.638
93 22 79.132
93 72 3.949
93 13 88.309
93 68 85.279
93 45 58.027
93 17 35.084
93 42 40.237
93 61 39.724
93 31 4.289
93 34 43.05
93 39 6.91
93 84 45.109
93 16 66.862
93 96 36.708
93 82 11.429
93 50 11.638
93 89 17.4
93 51 37.495
93 75 45.739
93 9 31.161
93 90 83.916
93 99 4.334
93 91 81.496
93 27 47.983
93 18 75.817
93 63 48.658
93 86 58.891
93 2 82.45
93 97 54.15
93 29 22.62
93 11 55.712
93 44 36.723
93 55 95.199
93 8 11.814
93 10 69.504
93 85 94.292
93 0 79.934
93 37 11.613
93 5 80.519
94 2 91.931
94 45 6.628
94 90 64.41
94 19 12.952
94 46 63.638
94 18 80.817
94 91 53.414
94 61 7.809
94 65 23.228
94 66 56.16
94 6 4.519
94 32 25.486
94 15 54.517
94 58 39.873
94 98 63.174
94 47 58.308
94 93 39.162
94 39 82.526
94 3 59.413
94 81 58.374
94 85 64.624
94 64 24.425
94 54 96.646
94 37 87.563
94 75 97.523
94 57 1.022
94 87 8.579
94 97 70.906
94 14 41.153
94 55 8.143
94 79 19.652
94 76 54.827
94 10 9.281
94 34 89.364
94 59 98.385
94 43 65.032
94 21 82.994
94 69 69.097
94 78 44.174
94 48 73.315
94 49 37.991
94 56 56.539
94 50 62.173
94 42 59.676
94 63 79.671
94 44 86.243
94 25 4.763
94 5 80.245
94 38 73.551
94 68 71.485
94 74 81.676
94 86 10.153
94 99 9.882
94 96 50.208
94 88 21.959
94 94 96.92
94 23 80.348
94 12 80.028
94 36 87.02
94 40 23.675
94 11 77.819
94 29 87.908
94 8 33.303
94 92 36.774
94 82 20.817
94 22 24.362
94 52 85.986
94 51 34.959
94 0 45.758
94 17 71.682
94 77 52.133
94 9 18.858
94 1 49.706
94 83 72.837
94 16 67.514
94 7 45.562
94 62 62.118
94 30 98.979
94 13 32.214
94 28 84.032
94 70 83.539
94 80 66.804
94 84 20.286
94 4 88.066
94 31 41.525
94 53 5.542
94 67 67.67
94 71 1.048
95 13 98.745
95 22 96.227
95 36 23.534
95 16 32.115
95 77 37.481
95 88 29.363
95 59 36.399
95 19 79.905
95 7 66.435
95 21 61.933
95 38 76.761
95 6 57.616
95 30 9.625
95 52 86.371
95 45 11.017
95 98 78.778
95 91 94.594
95 70 78.227
95 99 24.8
95 62 40.418
95 17 65.831
95 57 26.203
95 9 62.288
95 87 33.278
95 64 87.941
95 63 52.247
95 33 6.2
95 71 52.109
95 68 11.596
95 84 84.557
95 42 46.865
95 48 6.45
95 5 5.503
95 69 94.694
95 78 48.791
95 29 33.042
95 56 54.277
95 81 43.975
95 92 62.489
95 12 33.907
95 1 65.855
95 26 62.634
95 72 8.683
95 47 5.289
95 89 79.419
95 49 85.691
95 73 77.785
95 51 17.024
95 58 59.705
95 35 63.97
95 10 96.153
95 28 7.685
95 75 76.167
95 3 89.503
95 83 3.674
95 74 71.524
95 25 55.048
95 82 22.134
95 90 7.113
95 39 81.806
96 64 28.703
96 49 58.187
96 66 63.096
96 88 77.68
96 29 47.342
96 3 41.568
96 67 12.41
96 99 80.689
96 89 52.681
96 91 12.624
96 39 36.837
96 43 95.063
96 16 57.847
96 47 9.984
96 21 89.484
96 10 83.598
96 53 83.742
96 23 82.877
96 87 91.371
96 73 59.104
96 80 53.105
96 35 45.655
96 25 15.683
96 33 60.165
96 57 31.619
96 42 16.24
96 34 63.951
96 45 68.135
96 38 82.853
96 90 78.203
96 98 76.695
96 5 73.564
96 44 32.25
96 4 10.208
96 63 45.407
96 70 69.892
96 84 38.703
96 72 86.561
96 27 48.987
96 31 83.484
96 86 56.701
96 75 7.843
96 14 32.114
96 13 34.752
96 11 42.918
96 19 8.114
96 71 8.14
96 15 39.484
96 56 15.309
96 6 98.213
96 18 38.439
96 36 69.099
96 46 14.911
96 68 1.996
96 41 27.267
96 2 44.85
96 12 85.155
96 62 16.432
96 54 74.678
96 82 46.585
96 69 22.66
96 48 3.288
96 9 64.103
96 40 71.12
96 8 73.407
96 0 16.191
96 32 96.923
96 55 46.368
96 93 29.378
96 96 61.028
96 81 13.317
96 26 93.655
96 97 88.126
96 37 51.086
96 65 80.721
96 92 72.707
96 61 30.368
96 30 36.245
96 17 3.514
96 94 75.083
96 51 95.136
96 79 10.426
96 78 57.293
96 24 67.755
96 83 71.394
96 77 82.839
96 22 97.837
96 1 35.761
96 20 17.188
96 50 5.288
96 76 34.148
96 58 1.625
96 28 59.877
96 59 7.443
96 74 24.631
96 95 82.722
97 55 31.229
97 73 30.162
97 63 5.484
97 54 89.087
97 25 52.979
97 95 73.985
97 85 52.263
97 96 3.148
97 62 75.426
97 18 66.899
97 8 24.561
97 2 51.771
97 65 83.201
97 52 80.188
97 98 38.222
97 14 80.867
97 51 90.951
97 86 97.849
97 82 84.789
97 66 4.482
97 11 36.838
97 28 82.668
97 38 14.382
97 71 59.179
97 60 3.889
97 34 52.133
97 87 15.211
97 84 93.363
97 88 53.435
97 42 28.869
97 45 8.115
97 26 67.005
97 35 41.352
97 74 91.14
97 93 36.267
97 13 10.351
97 59 85.348
97 78 83.431
97 12 15.527
97 41 19.123
97 70 74.28
97 9 63.262
97 97 1.346
97 57 85.829
97 15 47.16
97 40 27.492
97 44 86.336
97 89 58.027
97 91 69.834
97 58 42.93
97 99 73.065
97 61 30.286
97 6 95.133
97 4 34.34
97 10 97.799
97 68 96.384
97 75 42.653
97 17 8.746
97 0 28.409
97 77 9.955
97 20 13.127
97 50 79.909
97 36 20.824
97 64 67.221
97 23 22.296
97 31 18.312
98 49 96.281
98 72 56.071
98 89 63.753
98 16 55.337
98 1 70.123
98 5 21.231
98 2 61.96
98 58 65.434
98 79 77.549
98 15 94.269
98 55 33.721
98 10 14.028
98 38 28.592
98 11 97.819
98 60 54.688
98 76 74.743
98 59 10.622
98 98 82.238
98 56 66.365
98 45 72.191
98 57 24.476
98 27 36.372
98 91 56.58
98 33 20.337
98 37 27.707
98 17 46.99
98 61 39.153
98 69 13.015
98 34 1.649
98 0 67.832
98 40 78.272
98 53 49.55
98 85 5.206
98 20 43.207
98 94 60.182
98 13 19.755
98 28 1.834
98 67 58.986
98 48 37.797
98 19 36.367
98 82 59.005
98 6 10.699
98 43 13.984
98 39 48.264
98 36 36.634
98 81 71.147
98 74 73.552
98 12 80.96
98 54 82.518
98 71 57.134
98 86 6.653
98 77 9.989
98 14 50.343
98 52 56.801
98 83 61.959
98 75 14.375
98 41 11.909
98 68 23.987
98 84 24.04
98 95 48.221
98 18 38.416
98 42 81.932
98 9 75.178
98 88 97.186
98 70 78.807
98 21 57.501
98 50 87.132
98 51 31.437
98 7 20.931
98 29 45.217
99 90 47.53
99 73 89.368
99 51 9.092
99 19 13.795
99 58 4.991
99 96 17.927
99 10 30.85
99 67 68.166
99 39 34.772
99 37 94.464
99 7 84.949
99 83 17.458
99 77 23.932
99 33 96.06
99 72 46.086
99 54 54.5
99 14 49.129
99 8 70.257
99 81 80.806
99 62 30.694
99 16 57.561
99 55 11.153
99 88 94.656
99 1 87.449
99 69 79.244
99 23 30.501
99 18 70.301
99 76 5.566
99 40 43.807
99 41 94.081
99 44 65.081
99 79 81.179
99 47 5.745
99 21 22.521
99 97 38.419
99 85 59.882
99 50 5.34
99 49 23.822
99 99 25.334
99 43 23.12
99 28 50.831
99 12 64.71
99 17 96.483
99 48 43.423
99 65 28.782
99 26 92.123
99 4 72.905
99 63 63.868
99 86 52.59
99 5 25.13
99 20 8.383
99 35 86.535
99 80 94.396
99 42 87.075
99 6 50.102
99 92 16.879
99 74 63.463
