25
0 1 90.402
0 2 8.818
0 3 74.548
0 4 66.942
0 5 10.217
0 6 38.48
0 7 50.517
0 8 90.484
0 9 63.332
0 10 78.018
0 11 9.291
0 12 60.305
0 13 27.428
0 14 98.797
0 15 84.571
0 16 73.998
0 17 84.383
0 18 5.323
0 19 89.737
0 20 26.265
0 21 8.738
0 22 5.594
0 23 15.057
0 24 56.008
0 25 67.202
0 26 35.283
0 27 53.366
0 28 25.581
0 29 27.418
0 30 96.252
0 31 3.36
0 32 81.225
0 33 17.51
0 34 23.775
0 35 34.934
0 36 78.184
0 37 57.16
0 38 70.781
0 39 2.568
0 40 50.447
0 41 82.528
0 42 14.999
0 43 22.517
0 44 87.462
0 45 3.908
0 46 13.051
0 47 18.772
0 48 12.593
0 49 18.025
0 50 64.852
0 51 78.712
0 52 76.793
0 53 36.618
0 54 14.685
0 55 22.658
0 56 73.816
0 57 86.63
0 58 65.02
0 59 15.683
0 60 60.372
0 61 10.286
0 62 29.05
0 63 17.887
0 64 58.896
0 65 57.893
0 66 11.509
0 67 38.259
0 68 60.824
0 69 25.001
0 70 45.929
0 71 11.869
0 72 3.053
0 73 55.17
0 74 88.444
0 75 96.519
0 76 73.584
0 77 65.413
0 78 65.033
0 79 2.986
0 80 70.339
0 81 46.712
0 82 90.009
0 83 43.312
0 84 2.474
0 85 14.172
0 86 25.495
0 87 66.884
0 88 66.798
0 89 67.586
0 90 55.461
0 91 50.534
0 92 11.539
0 93 6.237
0 94 90.779
0 95 62.839
0 96 2.567
0 97 35.684
0 98 36.149
0 99 60.139
1 2 25.228
1 3 74.581
1 4 31.789
1 5 51.66
1 6 18.217
1 7 98.828
1 8 90.151
1 9 75.942
1 10 9.781
1 11 21.299
1 12 58.222
1 13 13.898
1 14 66.735
1 15 50.822
1 16 47.576
1 17 21.706
1 18 20.707
1 19 92.508
1 20 1.994
1 21 92.363
1 22 60.825
1 23 77.396
1 24 68.405
1 25 20.873
1 26 54.334
1 27 95.805
1 28 86.625
1 29 59.318
1 30 5.462
1 31 96.377
1 32 90.678
1 33 84.49
1 34 51.504
1 35 70.105
1 36 75.496
1 37 65.922
1 38 92.982
1 39 48.004
1 40 40.558
1 41 31.345
1 42 36.238
1 43 39.155
1 44 84.264
1 45 65.562
1 46 40.035
1 47 7.919
1 48 59.15
1 49 16.017
1 50 25.682
1 51 74.857
1 52 43.797
1 53 12.018
1 54 81.266
1 55 15.461
1 56 37.931
1 57 39.292
1 58 2.405
1 59 31.7
1 60 40.303
1 61 14.325
1 62 57.466
1 63 90.508
1 64 67.755
1 65 89.724
1 66 57.571
1 67 76.469
1 68 8.681
1 69 72.379
1 70 5.991
1 71 83.284
1 72 53.646
1 73 29.324
1 74 85.668
1 75 76.44
1 76 86.895
1 77 12.482
1 78 74.82
1 79 14.98
1 80 6.514
1 81 65.478
1 82 11.133
1 83 81.575
1 84 27.838
1 85 50.25
1 86 41.838
1 87 61.473
1 88 38.393
1 89 58.536
1 90 19.808
1 91 18.08
1 92 14.543
1 93 37.207
1 94 69.265
1 95 79.973
1 96 74.414
1 97 72.971
1 98 57.384
1 99 75.316
2 3 36.434
2 4 9.97
2 5 21.121
2 6 62.329
2 7 27.984
2 8 97.782
2 9 45.298
2 10 94.157
2 11 78.397
2 12 34.315
2 13 19.555
2 14 41.394
2 15 84.142
2 16 28.935
2 17 37.273
2 18 88.658
2 19 75.269
2 20 61.835
2 21 82.681
2 22 10.709
2 23 33.42
2 24 1.682
2 25 9.113
2 26 44.34
2 27 95.264
2 28 76.532
2 29 8.098
2 30 9.092
2 31 8.242
2 32 62.135
2 33 62.794
2 34 36.891
2 35 63.366
2 36 6.999
2 37 59.58
2 38 92.739
2 39 30.241
2 40 8.485
2 41 77.239
2 42 13.04
2 43 58.507
2 44 68.216
2 45 56.897
2 46 51.026
2 47 14.182
2 48 26.695
2 49 85.434
2 50 32.815
2 51 14.735
2 52 74.364
2 53 40.635
2 54 3.96
2 55 70.222
2 56 3.857
2 57 64.947
2 58 47.647
2 59 35.606
2 60 14.475
2 61 44.345
2 62 29.674
2 63 37.681
2 64 8.966
2 65 94.219
2 66 51.612
2 67 60.675
2 68 25.804
2 69 84.052
2 70 70.583
2 71 50.707
2 72 79.635
2 73 81.462
2 74 28.396
2 75 15.156
2 76 95.345
2 77 26.185
2 78 94.734
2 79 26.85
2 80 90.785
2 81 11.556
2 82 3.958
2 83 29.529
2 84 28.426
2 85 62.345
2 86 67.924
2 87 72.176
2 88 77.624
2 89 23.574
2 90 20.5
2 91 69.208
2 92 6.196
2 93 12.643
2 94 3.384
2 95 61.731
2 96 39.024
2 97 22.947
2 98 47.243
2 99 23.282
3 4 28.087
3 5 20.974
3 6 90.567
3 7 34.271
3 8 28.292
3 9 27.131
3 10 46.249
3 11 65.17
3 12 58.842
3 13 13.983
3 14 46.991
3 15 78.127
3 16 1.678
3 17 85.063
3 18 17.6
3 19 14.518
3 20 66.423
3 21 11.513
3 22 43.991
3 23 98.485
3 24 72.856
3 25 48.995
3 26 61.952
3 27 58.152
3 28 44.598
3 29 38.964
3 30 80.775
3 31 29.231
3 32 65.039
3 33 1.408
3 34 73.342
3 35 41.913
3 36 46.509
3 37 53.98
3 38 32.089
3 39 33.062
3 40 97.071
3 41 16.488
3 42 14.748
3 43 64.062
3 44 11.771
3 45 69.483
3 46 67.028
3 47 21.034
3 48 75.111
3 49 4.39
3 50 7.292
3 51 6.702
3 52 1.986
3 53 42.361
3 54 69.048
3 55 3.407
3 56 24.855
3 57 35.915
3 58 35.115
3 59 51.267
3 60 55.215
3 61 58.063
3 62 62.296
3 63 98.512
3 64 36.278
3 65 95.186
3 66 54.685
3 67 71.017
3 68 81.145
3 69 22.894
3 70 32.527
3 71 28.172
3 72 35.37
3 73 91.518
3 74 72.68
3 75 12.454
3 76 45.426
3 77 15.281
3 78 88.529
3 79 93.932
3 80 95.591
3 81 37.341
3 82 58.87
3 83 87.149
3 84 22.467
3 85 32.965
3 86 97.818
3 87 44.282
3 88 98.527
3 89 96.154
3 90 83.385
3 91 34.088
3 92 74.151
3 93 41.422
3 94 92.838
3 95 41.03
3 96 94.677
3 97 40.386
3 98 17.439
3 99 5.08
4 5 89.148
4 6 88.77
4 7 61.439
4 8 51.153
4 9 14.458
4 10 56.199
4 11 44.358
4 12 11.877
4 13 40.697
4 14 49.918
4 15 94.474
4 16 69.593
4 17 40.557
4 18 86.177
4 19 29.601
4 20 28.01
4 21 91.823
4 22 37.3
4 23 66.895
4 24 57.129
4 25 44.352
4 26 8.867
4 27 29.586
4 28 28.735
4 29 46.947
4 30 21.447
4 31 76.528
4 32 89.704
4 33 18.789
4 34 75.448
4 35 94.842
4 36 53.786
4 37 10.752
4 38 26.595
4 39 75.261
4 40 37.635
4 41 18.222
4 42 49.891
4 43 51.42
4 44 5.684
4 45 72.063
4 46 37.063
4 47 43.9
4 48 57.577
4 49 54.933
4 50 48.208
4 51 68.669
4 52 44.342
4 53 15.12
4 54 81.052
4 55 52.958
4 56 19.669
4 57 82.572
4 58 14.47
4 59 51.55
4 60 27.564
4 61 61.662
4 62 63.503
4 63 26.18
4 64 9.356
4 65 90.429
4 66 67.052
4 67 32.709
4 68 22.048
4 69 87.495
4 70 40.956
4 71 6.787
4 72 78.091
4 73 42.526
4 74 47.39
4 75 97.883
4 76 92.709
4 77 50.967
4 78 70.789
4 79 74.138
4 80 88.479
4 81 35.809
4 82 30.617
4 83 26.481
4 84 2.959
4 85 91.465
4 86 93.181
4 87 43.446
4 88 9.855
4 89 69.687
4 90 67.68
4 91 74.141
4 92 77.356
4 93 94.898
4 94 81.869
4 95 45.885
4 96 96.87
4 97 52.784
4 98 88.103
4 99 46.496
5 6 47.57
5 7 40.538
5 8 56.99
5 9 95.643
5 10 83.236
5 11 88.007
5 12 6.028
5 13 48.365
5 14 22.092
5 15 79.157
5 16 17.458
5 17 53.365
5 18 35.024
5 19 96.756
5 20 85.247
5 21 34.024
5 22 29.051
5 23 88.932
5 24 52.37
5 25 65.315
5 26 8.442
5 27 51.108
5 28 54.369
5 29 53.092
5 30 39.327
5 31 62.44
5 32 55.709
5 33 14.168
5 34 24.639
5 35 98.719
5 36 2.578
5 37 48.507
5 38 82.44
5 39 4.979
5 40 52.13
5 41 23.253
5 42 92.547
5 43 38.283
5 44 60.408
5 45 42.113
5 46 42.617
5 47 91.318
5 48 2.842
5 49 13.907
5 50 84.352
5 51 22.636
5 52 16.307
5 53 54.137
5 54 53.482
5 55 28.303
5 56 7.489
5 57 31.304
5 58 87.711
5 59 67.484
5 60 56.606
5 61 38.533
5 62 24.499
5 63 67.419
5 64 87.687
5 65 45.131
5 66 97.571
5 67 46.017
5 68 61.617
5 69 27.263
5 70 23.728
5 71 64.773
5 72 76.98
5 73 6.839
5 74 75.196
5 75 51.463
5 76 44.642
5 77 69.685
5 78 69.288
5 79 59.661
5 80 8.058
5 81 95.637
5 82 48.226
5 83 13.348
5 84 40.354
5 85 70.251
5 86 60.735
5 87 15.532
5 88 3.089
5 89 22.496
5 90 45.075
5 91 22.859
5 92 8.119
5 93 32.334
5 94 39.968
5 95 96.841
5 96 16.572
5 97 7.027
5 98 45.545
5 99 14.305
6 7 24.97
6 8 35.037
6 9 17.612
6 10 68.599
6 11 96.833
6 12 78.311
6 13 60.657
6 14 21.277
6 15 5.514
6 16 95.927
6 17 5.245
6 18 56.273
6 19 4.551
6 20 58.826
6 21 95.75
6 22 41.762
6 23 69.673
6 24 98.34
6 25 6.43
6 26 37.889
6 27 85.052
6 28 24.71
6 29 39.765
6 30 1.687
6 31 73.989
6 32 44.981
6 33 61.893
6 34 9.96
6 35 75.404
6 36 34.713
6 37 55.569
6 38 6.428
6 39 46.793
6 40 79.248
6 41 8.248
6 42 37.032
6 43 4.28
6 44 27.709
6 45 9.149
6 46 33.387
6 47 42.254
6 48 22.392
6 49 21.675
6 50 48.424
6 51 5.9
6 52 52.004
6 53 94.816
6 54 6.148
6 55 88.769
6 56 31.293
6 57 18.918
6 58 71.265
6 59 93.475
6 60 84.956
6 61 26.781
6 62 28.704
6 63 94.677
6 64 78.404
6 65 74.12
6 66 60.293
6 67 11.97
6 68 60.229
6 69 68.378
6 70 84.334
6 71 57.136
6 72 24.847
6 73 95.541
6 74 61.827
6 75 7.635
6 76 76.059
6 77 46.19
6 78 28.02
6 79 56.152
6 80 17.283
6 81 65.17
6 82 91.629
6 83 40.738
6 84 80.76
6 85 92.998
6 86 68.13
6 87 65.004
6 88 65.757
6 89 39.401
6 90 44.184
6 91 33.696
6 92 30.119
6 93 9.264
6 94 89.1
6 95 38.306
6 96 14.877
6 97 33.271
6 98 92.477
6 99 22.491
7 8 88.648
7 9 21.26
7 10 3.454
7 11 29.311
7 12 50.631
7 13 76.507
7 14 40.349
7 15 45.166
7 16 19.491
7 17 54.103
7 18 50.282
7 19 4.484
7 20 77.964
7 21 90.545
7 22 95.211
7 23 91.897
7 24 53.283
7 25 47.808
7 26 72.755
7 27 22.909
7 28 13.758
7 29 71.793
7 30 67.987
7 31 8.577
7 32 28.372
7 33 13.203
7 34 75.203
7 35 4.197
7 36 3.05
7 37 78.988
7 38 72.487
7 39 93.09
7 40 74.607
7 41 53.644
7 42 18.563
7 43 38.295
7 44 66.547
7 45 89.957
7 46 16.105
7 47 10.714
7 48 49.535
7 49 76.092
7 50 1.494
7 51 44.246
7 52 33.792
7 53 64.961
7 54 79.876
7 55 89.945
7 56 22.131
7 57 48.471
7 58 95.64
7 59 75.349
7 60 74.534
7 61 93.256
7 62 22.183
7 63 26.437
7 64 25.103
7 65 47.902
7 66 80.072
7 67 63.023
7 68 96.431
7 69 30.445
7 70 22.868
7 71 80.635
7 72 19.39
7 73 9.778
7 74 91.579
7 75 30.387
7 76 95.358
7 77 64.706
7 78 63.335
7 79 65.029
7 80 55.067
7 81 23.332
7 82 89.331
7 83 43.194
7 84 25.36
7 85 6.24
7 86 88.575
7 87 25.016
7 88 29.762
7 89 78.201
7 90 3.586
7 91 81.298
7 92 15.46
7 93 97.216
7 94 48.212
7 95 89.731
7 96 50.43
7 97 37.189
7 98 81.099
7 99 64.896
8 9 85.457
8 10 23.918
8 11 84.891
8 12 73.234
8 13 63.911
8 14 32.873
8 15 10.024
8 16 27.323
8 17 76.437
8 18 62.226
8 19 32.927
8 20 43.538
8 21 34.669
8 22 60.846
8 23 22.183
8 24 74.786
8 25 83.771
8 26 19.683
8 27 24.249
8 28 38.734
8 29 26.345
8 30 97.491
8 31 76.798
8 32 70.505
8 33 90.62
8 34 54.275
8 35 68.572
8 36 37.909
8 37 67.771
8 38 76.797
8 39 34.521
8 40 75.647
8 41 3.001
8 42 60.846
8 43 77.029
8 44 93.377
8 45 25.853
8 46 66.956
8 47 11.915
8 48 3.634
8 49 68.944
8 50 90.861
8 51 35.362
8 52 88.742
8 53 25.015
8 54 32.243
8 55 14.283
8 56 6.382
8 57 17.557
8 58 98.641
8 59 97.508
8 60 61.875
8 61 68.554
8 62 72.352
8 63 8.124
8 64 66.21
8 65 40.67
8 66 36.261
8 67 4.847
8 68 36.153
8 69 58.468
8 70 41.413
8 71 29.478
8 72 64.085
8 73 80.775
8 74 81.925
8 75 52.36
8 76 10.251
8 77 15.809
8 78 87.669
8 79 6.04
8 80 69.745
8 81 83.835
8 82 80.804
8 83 17.993
8 84 23.598
8 85 7.579
8 86 30.379
8 87 6.1
8 88 83.29
8 89 60.96
8 90 49.389
8 91 24.695
8 92 85.499
8 93 43.093
8 94 11.69
8 95 23.483
8 96 44.445
8 97 2.443
8 98 28.847
8 99 38.764
9 10 15.37
9 11 34.432
9 12 73.016
9 13 73.558
9 14 86.909
9 15 29.575
9 16 65.104
9 17 91.842
9 18 88.161
9 19 65.192
9 20 11.099
9 21 55.604
9 22 95.083
9 23 14.566
9 24 69.563
9 25 28.773
9 26 31.244
9 27 8.615
9 28 73.413
9 29 25.566
9 30 33.688
9 31 57.43
9 32 52.298
9 33 7.387
9 34 17.673
9 35 67.975
9 36 46.751
9 37 21.854
9 38 16.378
9 39 43.125
9 40 57.054
9 41 38.064
9 42 37.585
9 43 88.602
9 44 86.499
9 45 90.987
9 46 38.191
9 47 18.885
9 48 60.207
9 49 27.918
9 50 4.609
9 51 68.221
9 52 97.135
9 53 90.554
9 54 95.487
9 55 67.882
9 56 59.743
9 57 85.19
9 58 44.049
9 59 84.818
9 60 61.091
9 61 60.277
9 62 28.406
9 63 3.805
9 64 8.644
9 65 15.704
9 66 75.539
9 67 32.003
9 68 38.622
9 69 14.875
9 70 16.145
9 71 81.826
9 72 12.135
9 73 60.487
9 74 22.299
9 75 29.109
9 76 84.593
9 77 15.502
9 78 53.505
9 79 53.819
9 80 46.102
9 81 67.576
9 82 7.758
9 83 47.456
9 84 28.05
9 85 47.698
9 86 3.52
9 87 58.92
9 88 85.405
9 89 45.524
9 90 80.992
9 91 84.971
9 92 75.144
9 93 25.47
9 94 78.281
9 95 22.943
9 96 60.249
9 97 20.963
9 98 76.813
9 99 64.057
10 11 29.738
10 12 50.205
10 13 67.065
10 14 22.481
10 15 69.734
10 16 5.752
10 17 6.998
10 18 97.013
10 19 83.183
10 20 27.806
10 21 74.867
10 22 42.39
10 23 30.829
10 24 8.204
10 25 56.027
10 26 36.499
10 27 64.234
10 28 49.322
10 29 54.726
10 30 30.807
10 31 82.741
10 32 70.835
10 33 22.165
10 34 75.854
10 35 79.407
10 36 85.349
10 37 94.467
10 38 54.428
10 39 68.055
10 40 20.969
10 41 97.27
10 42 5.701
10 43 10.756
10 44 51.24
10 45 94.006
10 46 50.147
10 47 62.88
10 48 27.732
10 49 1.869
10 50 67.506
10 51 6.687
10 52 75.214
10 53 29.989
10 54 47.388
10 55 93.76
10 56 74.817
10 57 78.102
10 58 4.361
10 59 90.321
10 60 95.125
10 61 11.929
10 62 23.46
10 63 39.634
10 64 17.103
10 65 2.435
10 66 56.149
10 67 33.391
10 68 51.416
10 69 6.996
10 70 30.652
10 71 41.189
10 72 93.123
10 73 1.136
10 74 71.602
10 75 88.885
10 76 73.253
10 77 62.139
10 78 38.839
10 79 70.324
10 80 60.666
10 81 44.135
10 82 4.267
10 83 82.822
10 84 11.67
10 85 51.218
10 86 17.466
10 87 87.293
10 88 60.08
10 89 75.652
10 90 20.366
10 91 60.096
10 92 86.586
10 93 52.266
10 94 31.798
10 95 78.034
10 96 68.77
10 97 70.149
10 98 69.545
10 99 33.649
11 12 77.994
11 13 10.408
11 14 77.455
11 15 10.329
11 16 73.621
11 17 15.092
11 18 49.083
11 19 12.646
11 20 32.621
11 21 74.558
11 22 90.552
11 23 66.758
11 24 47.304
11 25 85.115
11 26 23.816
11 27 23.232
11 28 43.952
11 29 84.708
11 30 34.47
11 31 71.161
11 32 67.833
11 33 87.351
11 34 76.992
11 35 35.43
11 36 59.79
11 37 93.194
11 38 97.278
11 39 74.945
11 40 79.403
11 41 25.47
11 42 95.981
11 43 42.844
11 44 51.196
11 45 13.454
11 46 39.14
11 47 92.189
11 48 35.784
11 49 85.72
11 50 29.344
11 51 34.032
11 52 92.078
11 53 75.523
11 54 42.001
11 55 4.881
11 56 55.88
11 57 65.175
11 58 39.665
11 59 28.542
11 60 69.027
11 61 2.725
11 62 54.165
11 63 2.147
11 64 67.241
11 65 33.013
11 66 60.701
11 67 66.856
11 68 67.36
11 69 68.951
11 70 44.973
11 71 16.543
11 72 90.628
11 73 44.357
11 74 91.605
11 75 1.193
11 76 57.341
11 77 19.205
11 78 77.067
11 79 58.755
11 80 83.962
11 81 18.389
11 82 57.647
11 83 60.273
11 84 98.519
11 85 53.083
11 86 29.67
11 87 96.776
11 88 57.606
11 89 92.872
11 90 97.508
11 91 79.365
11 92 72.383
11 93 14.612
11 94 69.417
11 95 67.73
11 96 37.676
11 97 95.623
11 98 23.358
11 99 35.066
12 13 42.987
12 14 11.373
12 15 36.62
12 16 61.432
12 17 83.097
12 18 50.648
12 19 14.547
12 20 38.163
12 21 87.081
12 22 94.763
12 23 58.356
12 24 10.134
12 25 51.08
12 26 78.69
12 27 24.002
12 28 90.591
12 29 68.61
12 30 42.607
12 31 36.445
12 32 21.655
12 33 28.813
12 34 29.448
12 35 61.36
12 36 24.242
12 37 16.237
12 38 8.143
12 39 12.247
12 40 23.739
12 41 41.259
12 42 98.047
12 43 23.693
12 44 68.713
12 45 46.484
12 46 63.079
12 47 57.036
12 48 88.442
12 49 9.748
12 50 69.393
12 51 27.602
12 52 47.281
12 53 78.475
12 54 75.348
12 55 93.682
12 56 92.0
12 57 51.728
12 58 81.29
12 59 51.394
12 60 22.421
12 61 43.855
12 62 36.942
12 63 4.007
12 64 42.128
12 65 91.435
12 66 75.754
12 67 10.566
12 68 9.308
12 69 1.3
12 70 43.817
12 71 13.072
12 72 29.985
12 73 23.116
12 74 32.085
12 75 91.383
12 76 28.992
12 77 17.417
12 78 48.337
12 79 6.786
12 80 4.22
12 81 20.25
12 82 97.661
12 83 94.673
12 84 42.264
12 85 46.0
12 86 38.528
12 87 89.471
12 88 88.647
12 89 22.829
12 90 92.237
12 91 16.231
12 92 79.446
12 93 17.894
12 94 71.318
12 95 53.129
12 96 11.6
12 97 66.641
12 98 11.897
12 99 83.265
13 14 17.256
13 15 53.329
13 16 79.545
13 17 40.543
13 18 20.935
13 19 97.171
13 20 13.807
13 21 1.477
13 22 93.664
13 23 7.23
13 24 17.246
13 25 59.064
13 26 7.877
13 27 14.853
13 28 84.448
13 29 88.833
13 30 17.365
13 31 80.511
13 32 39.641
13 33 14.819
13 34 31.311
13 35 29.772
13 36 46.281
13 37 87.233
13 38 68.52
13 39 91.335
13 40 89.698
13 41 44.715
13 42 52.495
13 43 5.159
13 44 29.254
13 45 83.24
13 46 98.803
13 47 32.576
13 48 15.416
13 49 76.907
13 50 1.648
13 51 47.072
13 52 13.902
13 53 63.96
13 54 12.96
13 55 33.293
13 56 30.064
13 57 71.414
13 58 45.929
13 59 96.821
13 60 22.917
13 61 61.903
13 62 35.348
13 63 58.742
13 64 17.108
13 65 33.529
13 66 96.435
13 67 40.851
13 68 40.836
13 69 40.032
13 70 4.087
13 71 2.385
13 72 40.711
13 73 37.031
13 74 75.309
13 75 14.213
13 76 12.451
13 77 53.387
13 78 65.406
13 79 32.218
13 80 15.875
13 81 18.435
13 82 4.202
13 83 97.89
13 84 34.561
13 85 6.315
13 86 2.427
13 87 49.696
13 88 25.168
13 89 11.824
13 90 9.12
13 91 39.402
13 92 21.907
13 93 79.799
13 94 73.826
13 95 86.172
13 96 63.437
13 97 69.656
13 98 71.183
13 99 9.836
14 15 89.311
14 16 57.943
14 17 59.888
14 18 50.897
14 19 16.756
14 20 2.789
14 21 50.15
14 22 22.583
14 23 30.674
14 24 54.126
14 25 32.788
14 26 45.372
14 27 98.938
14 28 84.671
14 29 73.922
14 30 37.614
14 31 71.596
14 32 91.959
14 33 75.663
14 34 47.001
14 35 50.707
14 36 5.905
14 37 60.819
14 38 91.189
14 39 66.659
14 40 93.27
14 41 83.142
14 42 62.303
14 43 53.496
14 44 98.991
14 45 56.966
14 46 13.145
14 47 72.734
14 48 96.178
14 49 54.5
14 50 8.487
14 51 34.211
14 52 83.707
14 53 68.006
14 54 12.023
14 55 42.899
14 56 44.45
14 57 44.665
14 58 62.393
14 59 41.655
14 60 93.341
14 61 36.967
14 62 33.669
14 63 88.445
14 64 20.127
14 65 73.961
14 66 64.075
14 67 13.678
14 68 16.792
14 69 41.606
14 70 33.223
14 71 24.388
14 72 61.985
14 73 46.159
14 74 36.453
14 75 13.124
14 76 50.982
14 77 5.34
14 78 45.174
14 79 43.662
14 80 11.679
14 81 13.551
14 82 61.091
14 83 66.796
14 84 62.231
14 85 28.19
14 86 53.554
14 87 89.533
14 88 79.024
14 89 31.289
14 90 11.14
14 91 53.634
14 92 87.824
14 93 49.093
14 94 65.194
14 95 74.332
14 96 1.422
14 97 68.835
14 98 66.222
14 99 89.109
15 16 28.215
15 17 68.305
15 18 26.687
15 19 28.984
15 20 59.651
15 21 20.841
15 22 64.444
15 23 34.012
15 24 18.634
15 25 5.234
15 26 11.027
15 27 97.225
15 28 97.596
15 29 41.799
15 30 82.579
15 31 19.115
15 32 56.876
15 33 41.898
15 34 93.606
15 35 44.571
15 36 3.186
15 37 81.612
15 38 16.44
15 39 57.086
15 40 50.359
15 41 87.318
15 42 64.014
15 43 91.31
15 44 7.826
15 45 52.861
15 46 92.421
15 47 36.323
15 48 13.595
15 49 23.006
15 50 34.866
15 51 85.147
15 52 21.855
15 53 28.391
15 54 84.741
15 55 26.976
15 56 95.504
15 57 3.3
15 58 76.87
15 59 24.164
15 60 19.474
15 61 83.989
15 62 35.722
15 63 62.768
15 64 55.405
15 65 74.33
15 66 43.008
15 67 15.024
15 68 78.028
15 69 10.258
15 70 94.695
15 71 3.089
15 72 94.967
15 73 18.819
15 74 80.359
15 75 2.134
15 76 76.323
15 77 52.404
15 78 67.078
15 79 49.363
15 80 17.679
15 81 85.772
15 82 1.148
15 83 57.435
15 84 66.498
15 85 6.032
15 86 77.027
15 87 89.282
15 88 77.737
15 89 67.455
15 90 88.834
15 91 3.936
15 92 26.375
15 93 40.829
15 94 32.045
15 95 23.086
15 96 58.144
15 97 7.149
15 98 84.786
15 99 39.708
16 17 21.961
16 18 98.568
16 19 6.077
16 20 40.413
16 21 80.715
16 22 97.695
16 23 25.898
16 24 85.031
16 25 89.862
16 26 82.95
16 27 97.318
16 28 9.222
16 29 68.065
16 30 28.153
16 31 52.989
16 32 71.34
16 33 84.149
16 34 26.65
16 35 75.276
16 36 4.876
16 37 4.128
16 38 90.237
16 39 26.69
16 40 93.125
16 41 49.445
16 42 66.164
16 43 71.611
16 44 17.11
16 45 32.852
16 46 16.262
16 47 63.949
16 48 96.795
16 49 67.364
16 50 62.692
16 51 27.583
16 52 52.154
16 53 32.542
16 54 37.353
16 55 17.113
16 56 5.061
16 57 19.186
16 58 4.263
16 59 44.763
16 60 95.131
16 61 71.584
16 62 84.076
16 63 45.405
16 64 3.115
16 65 6.476
16 66 5.428
16 67 8.776
16 68 18.724
16 69 37.742
16 70 67.125
16 71 1.473
16 72 39.729
16 73 31.932
16 74 65.963
16 75 45.844
16 76 68.626
16 77 75.91
16 78 35.025
16 79 50.538
16 80 66.251
16 81 5.193
16 82 60.113
16 83 95.295
16 84 56.773
16 85 94.89
16 86 89.973
16 87 61.383
16 88 65.338
16 89 33.291
16 90 20.67
16 91 52.972
16 92 68.356
16 93 12.427
16 94 86.323
16 95 67.607
16 96 5.624
16 97 38.084
16 98 72.405
16 99 10.817
17 18 35.429
17 19 14.839
17 20 51.57
17 21 54.897
17 22 23.981
17 23 53.181
17 24 73.133
17 25 65.068
17 26 23.221
17 27 2.619
17 28 90.152
17 29 7.222
17 30 95.595
17 31 79.018
17 32 2.632
17 33 48.986
17 34 81.771
17 35 85.338
17 36 3.546
17 37 39.493
17 38 33.465
17 39 86.908
17 40 77.125
17 41 65.008
17 42 45.238
17 43 61.503
17 44 55.336
17 45 77.209
17 46 38.87
17 47 86.158
17 48 45.894
17 49 48.02
17 50 97.207
17 51 3.905
17 52 15.597
17 53 67.712
17 54 54.904
17 55 30.494
17 56 41.402
17 57 43.807
17 58 46.265
17 59 44.748
17 60 40.793
17 61 31.979
17 62 11.712
17 63 85.162
17 64 25.265
17 65 1.94
17 66 45.428
17 67 67.708
17 68 36.035
17 69 9.31
17 70 43.471
17 71 9.565
17 72 19.45
17 73 20.003
17 74 85.319
17 75 91.626
17 76 56.642
17 77 5.714
17 78 62.94
17 79 27.432
17 80 58.082
17 81 98.89
17 82 29.532
17 83 77.538
17 84 60.019
17 85 80.986
17 86 49.174
17 87 68.218
17 88 27.687
17 89 77.284
17 90 9.172
17 91 24.696
17 92 52.833
17 93 97.659
17 94 26.302
17 95 40.627
17 96 74.238
17 97 64.332
17 98 70.661
17 99 81.646
18 19 9.743
18 20 39.575
18 21 63.063
18 22 29.374
18 23 74.903
18 24 33.042
18 25 69.007
18 26 16.352
18 27 16.079
18 28 63.879
18 29 36.775
18 30 49.355
18 31 64.931
18 32 89.611
18 33 40.063
18 34 3.152
18 35 25.424
18 36 53.077
18 37 12.893
18 38 7.656
18 39 44.397
18 40 77.511
18 41 91.281
18 42 35.419
18 43 25.125
18 44 25.937
18 45 96.52
18 46 83.397
18 47 70.546
18 48 24.573
18 49 32.586
18 50 97.374
18 51 17.564
18 52 32.343
18 53 89.72
18 54 20.229
18 55 83.39
18 56 44.812
18 57 30.919
18 58 51.272
18 59 47.422
18 60 65.042
18 61 9.738
18 62 77.775
18 63 66.129
18 64 94.174
18 65 50.575
18 66 35.545
18 67 85.553
18 68 84.204
18 69 18.415
18 70 32.598
18 71 16.009
18 72 52.672
18 73 88.372
18 74 37.426
18 75 80.257
18 76 10.334
18 77 97.901
18 78 49.999
18 79 91.576
18 80 11.572
18 81 45.396
18 82 33.425
18 83 21.944
18 84 95.166
18 85 32.9
18 86 36.925
18 87 82.917
18 88 47.323
18 89 92.891
18 90 19.015
18 91 33.881
18 92 6.049
18 93 49.626
18 94 15.07
18 95 67.954
18 96 11.25
18 97 84.623
18 98 71.625
18 99 69.372
19 20 33.367
19 21 95.792
19 22 46.45
19 23 80.424
19 24 82.04
19 25 47.443
19 26 11.158
19 27 20.363
19 28 97.729
19 29 3.973
19 30 11.391
19 31 98.34
19 32 84.188
19 33 58.525
19 34 84.013
19 35 33.62
19 36 2.098
19 37 33.492
19 38 54.437
19 39 84.695
19 40 54.291
19 41 66.909
19 42 85.158
19 43 21.38
19 44 76.504
19 45 64.596
19 46 23.062
19 47 73.713
19 48 37.619
19 49 68.855
19 50 70.854
19 51 15.7
19 52 79.026
19 53 4.897
19 54 59.792
19 55 89.347
19 56 17.732
19 57 66.41
19 58 16.596
19 59 60.328
19 60 14.176
19 61 49.206
19 62 79.034
19 63 18.429
19 64 14.049
19 65 25.715
19 66 49.872
19 67 22.602
19 68 88.126
19 69 80.055
19 70 50.24
19 71 1.41
19 72 72.982
19 73 18.618
19 74 44.146
19 75 22.895
19 76 20.972
19 77 29.838
19 78 51.726
19 79 74.872
19 80 68.068
19 81 33.631
19 82 40.784
19 83 61.519
19 84 72.125
19 85 24.468
19 86 32.439
19 87 50.726
19 88 40.298
19 89 77.08
19 90 55.21
19 91 27.589
19 92 57.33
19 93 24.081
19 94 66.74
19 95 14.561
19 96 22.841
19 97 96.353
19 98 72.252
19 99 17.06
20 21 87.515
20 22 58.082
20 23 67.009
20 24 82.662
20 25 12.043
20 26 77.332
20 27 15.071
20 28 40.74
20 29 32.343
20 30 25.684
20 31 40.63
20 32 92.793
20 33 65.374
20 34 40.892
20 35 17.397
20 36 19.11
20 37 88.065
20 38 1.297
20 39 15.805
20 40 73.967
20 41 89.3
20 42 18.993
20 43 22.335
20 44 85.376
20 45 39.01
20 46 91.305
20 47 73.666
20 48 14.063
20 49 33.374
20 50 76.544
20 51 3.642
20 52 22.574
20 53 58.79
20 54 57.861
20 55 90.888
20 56 69.585
20 57 94.963
20 58 65.065
20 59 79.381
20 60 49.241
20 61 34.208
20 62 65.68
20 63 77.645
20 64 95.079
20 65 52.12
20 66 59.183
20 67 33.451
20 68 70.986
20 69 54.25
20 70 53.347
20 71 48.749
20 72 10.928
20 73 3.866
20 74 22.803
20 75 64.381
20 76 82.959
20 77 60.244
20 78 51.583
20 79 33.138
20 80 29.162
20 81 76.61
20 82 11.116
20 83 80.676
20 84 40.419
20 85 16.581
20 86 59.816
20 87 53.618
20 88 59.727
20 89 71.558
20 90 78.811
20 91 12.572
20 92 80.713
20 93 62.983
20 94 51.542
20 95 59.195
20 96 72.77
20 97 46.884
20 98 70.782
20 99 55.591
21 22 16.182
21 23 21.621
21 24 30.364
21 25 5.031
21 26 73.942
21 27 83.414
21 28 36.994
21 29 5.209
21 30 34.459
21 31 38.829
21 32 49.97
21 33 69.664
21 34 5.297
21 35 28.753
21 36 24.739
21 37 7.493
21 38 56.889
21 39 96.053
21 40 14.123
21 41 81.659
21 42 59.414
21 43 78.236
21 44 51.044
21 45 68.14
21 46 78.415
21 47 36.482
21 48 53.696
21 49 91.279
21 50 16.348
21 51 62.513
21 52 41.32
21 53 11.263
21 54 73.881
21 55 3.262
21 56 81.354
21 57 2.219
21 58 71.453
21 59 90.553
21 60 71.663
21 61 6.089
21 62 36.584
21 63 91.993
21 64 31.588
21 65 61.661
21 66 61.74
21 67 81.124
21 68 14.854
21 69 75.011
21 70 86.312
21 71 83.614
21 72 4.601
21 73 10.767
21 74 45.206
21 75 58.09
21 76 71.57
21 77 53.494
21 78 84.295
21 79 4.093
21 80 91.698
21 81 75.56
21 82 86.179
21 83 75.476
21 84 9.664
21 85 41.854
21 86 57.974
21 87 9.554
21 88 63.625
21 89 20.413
21 90 20.846
21 91 56.963
21 92 74.228
21 93 64.602
21 94 43.777
21 95 13.584
21 96 74.801
21 97 57.122
21 98 11.844
21 99 74.555
22 23 50.208
22 24 77.67
22 25 7.827
22 26 24.556
22 27 83.427
22 28 19.1
22 29 63.683
22 30 33.556
22 31 65.881
22 32 61.653
22 33 71.398
22 34 89.577
22 35 91.939
22 36 83.034
22 37 34.764
22 38 12.072
22 39 3.93
22 40 49.987
22 41 5.33
22 42 37.149
22 43 90.913
22 44 96.811
22 45 9.025
22 46 16.691
22 47 41.738
22 48 87.849
22 49 12.185
22 50 11.435
22 51 76.659
22 52 29.953
22 53 76.335
22 54 77.45
22 55 15.073
22 56 14.153
22 57 49.036
22 58 81.656
22 59 80.358
22 60 11.508
22 61 48.765
22 62 36.745
22 63 17.586
22 64 65.303
22 65 6.519
22 66 20.16
22 67 51.425
22 68 64.179
22 69 94.696
22 70 87.481
22 71 4.495
22 72 86.817
22 73 28.319
22 74 31.191
22 75 94.477
22 76 59.386
22 77 98.27
22 78 51.312
22 79 60.796
22 80 89.654
22 81 7.51
22 82 97.922
22 83 4.967
22 84 30.18
22 85 48.481
22 86 90.064
22 87 6.648
22 88 16.128
22 89 82.778
22 90 93.779
22 91 14.325
22 92 52.677
22 93 11.529
22 94 64.325
22 95 21.649
22 96 38.202
22 97 7.982
22 98 73.697
22 99 71.31
23 24 11.518
23 25 34.38
23 26 75.435
23 27 84.492
23 28 71.565
23 29 64.273
23 30 22.336
23 31 3.55
23 32 1.998
23 33 34.568
23 34 8.57
23 35 37.661
23 36 74.593
23 37 89.853
23 38 45.732
23 39 96.728
23 40 46.396
23 41 8.722
23 42 66.244
23 43 93.351
23 44 77.661
23 45 30.927
23 46 35.498
23 47 61.93
23 48 64.225
23 49 9.987
23 50 79.004
23 51 59.577
23 52 60.728
23 53 84.533
23 54 74.655
23 55 34.529
23 56 25.187
23 57 75.414
23 58 97.889
23 59 93.053
23 60 40.466
23 61 34.324
23 62 44.593
23 63 5.06
23 64 43.228
23 65 28.667
23 66 19.103
23 67 33.004
23 68 41.45
23 69 23.126
23 70 14.592
23 71 34.217
23 72 45.644
23 73 22.784
23 74 10.525
23 75 40.653
23 76 87.974
23 77 66.29
23 78 66.43
23 79 76.869
23 80 54.631
23 81 49.259
23 82 82.754
23 83 7.127
23 84 84.123
23 85 45.899
23 86 87.443
23 87 4.979
23 88 41.91
23 89 68.769
23 90 82.718
23 91 79.974
23 92 52.706
23 93 83.743
23 94 70.249
23 95 68.509
23 96 52.543
23 97 64.655
23 98 71.71
23 99 92.806
24 25 2.368
24 26 57.138
24 27 13.057
24 28 3.537
24 29 94.141
24 30 30.338
24 31 84.992
24 32 58.644
24 33 36.949
24 34 97.803
24 35 37.558
24 36 49.647
24 37 3.845
24 38 43.012
24 39 62.574
24 40 10.211
24 41 36.08
24 42 46.72
24 43 84.768
24 44 28.282
24 45 29.346
24 46 98.388
24 47 85.078
24 48 27.568
24 49 27.809
24 50 46.169
24 51 41.605
24 52 9.477
24 53 91.695
24 54 68.232
24 55 58.174
24 56 46.389
24 57 32.032
24 58 41.517
24 59 58.81
24 60 92.788
24 61 35.583
24 62 28.785
24 63 98.028
24 64 62.235
24 65 30.743
24 66 79.644
24 67 44.651
24 68 47.659
24 69 79.111
24 70 12.555
24 71 26.228
24 72 58.304
24 73 5.603
24 74 13.038
24 75 62.618
24 76 38.748
24 77 63.065
24 78 79.394
24 79 25.135
24 80 18.579
24 81 43.817
24 82 31.602
24 83 60.003
24 84 29.983
24 85 35.623
24 86 22.04
24 87 86.265
24 88 72.02
24 89 87.26
24 90 90.193
24 91 15.623
24 92 86.342
24 93 82.956
24 94 5.214
24 95 22.027
24 96 76.95
24 97 49.757
24 98 93.804
24 99 51.669
25 26 53.693
25 27 46.384
25 28 21.308
25 29 71.704
25 30 9.501
25 31 67.978
25 32 32.887
25 33 59.871
25 34 75.959
25 35 95.522
25 36 92.418
25 37 80.488
25 38 72.528
25 39 62.099
25 40 23.676
25 41 46.85
25 42 77.365
25 43 6.889
25 44 87.136
25 45 94.342
25 46 16.793
25 47 53.877
25 48 43.628
25 49 68.175
25 50 1.09
25 51 97.47
25 52 53.827
25 53 24.702
25 54 76.157
25 55 34.572
25 56 10.891
25 57 45.557
25 58 81.188
25 59 35.321
25 60 46.46
25 61 50.493
25 62 25.327
25 63 35.542
25 64 86.762
25 65 63.948
25 66 10.489
25 67 92.945
25 68 45.467
25 69 4.393
25 70 76.508
25 71 42.847
25 72 67.176
25 73 93.368
25 74 32.355
25 75 74.52
25 76 7.734
25 77 62.928
25 78 43.145
25 79 39.349
25 80 89.306
25 81 1.846
25 82 58.275
25 83 34.551
25 84 72.432
25 85 97.789
25 86 51.064
25 87 62.329
25 88 59.085
25 89 85.684
25 90 28.898
25 91 73.935
25 92 28.164
25 93 72.478
25 94 3.97
25 95 65.851
25 96 4.014
25 97 83.751
25 98 38.354
25 99 52.498
26 27 23.436
26 28 3.711
26 29 88.3
26 30 85.61
26 31 62.141
26 32 96.945
26 33 49.354
26 34 11.659
26 35 92.453
26 36 71.091
26 37 37.955
26 38 20.211
26 39 11.598
26 40 45.627
26 41 16.076
26 42 90.356
26 43 90.326
26 44 2.244
26 45 89.318
26 46 17.941
26 47 21.906
26 48 66.95
26 49 68.513
26 50 82.205
26 51 63.933
26 52 54.485
26 53 5.382
26 54 36.301
26 55 45.925
26 56 8.294
26 57 23.404
26 58 62.623
26 59 25.423
26 60 17.372
26 61 57.226
26 62 38.35
26 63 86.898
26 64 17.352
26 65 87.491
26 66 67.972
26 67 51.345
26 68 1.431
26 69 11.876
26 70 22.397
26 71 5.338
26 72 92.796
26 73 43.256
26 74 89.01
26 75 44.254
26 76 86.313
26 77 9.604
26 78 96.377
26 79 85.702
26 80 2.581
26 81 97.058
26 82 7.011
26 83 37.194
26 84 97.821
26 85 19.538
26 86 60.235
26 87 64.091
26 88 34.739
26 89 71.724
26 90 65.713
26 91 90.518
26 92 56.469
26 93 57.178
26 94 48.922
26 95 61.945
26 96 13.209
26 97 73.025
26 98 60.598
26 99 81.149
27 28 27.32
27 29 3.704
27 30 7.23
27 31 63.947
27 32 16.465
27 33 3.923
27 34 41.013
27 35 64.999
27 36 78.705
27 37 89.466
27 38 59.217
27 39 29.053
27 40 13.354
27 41 49.709
27 42 18.545
27 43 13.274
27 44 40.657
27 45 55.306
27 46 24.067
27 47 34.501
27 48 66.051
27 49 12.92
27 50 15.447
27 51 43.197
27 52 15.374
27 53 97.19
27 54 47.617
27 55 76.413
27 56 81.921
27 57 48.702
27 58 70.334
27 59 2.105
27 60 59.673
27 61 78.015
27 62 15.223
27 63 85.23
27 64 20.685
27 65 66.591
27 66 63.52
27 67 44.807
27 68 47.413
27 69 50.621
27 70 9.367
27 71 24.952
27 72 52.106
27 73 86.51
27 74 76.346
27 75 65.75
27 76 53.952
27 77 2.45
27 78 13.296
27 79 45.866
27 80 32.845
27 81 35.706
27 82 3.18
27 83 77.927
27 84 96.129
27 85 4.644
27 86 56.336
27 87 21.963
27 88 55.551
27 89 3.351
27 90 38.773
27 91 35.438
27 92 17.319
27 93 66.462
27 94 13.304
27 95 75.342
27 96 28.22
27 97 74.92
27 98 22.25
27 99 66.3
28 29 89.87
28 30 83.554
28 31 58.501
28 32 22.534
28 33 97.719
28 34 63.324
28 35 8.715
28 36 67.511
28 37 48.678
28 38 14.46
28 39 51.294
28 40 83.041
28 41 40.897
28 42 96.082
28 43 73.358
28 44 93.946
28 45 54.995
28 46 47.344
28 47 49.423
28 48 30.983
28 49 65.046
28 50 91.271
28 51 66.975
28 52 1.481
28 53 3.573
28 54 73.302
28 55 18.42
28 56 55.717
28 57 88.259
28 58 24.906
28 59 92.543
28 60 20.366
28 61 70.149
28 62 65.44
28 63 9.983
28 64 89.783
28 65 49.14
28 66 38.375
28 67 97.193
28 68 33.237
28 69 58.142
28 70 61.093
28 71 29.322
28 72 76.928
28 73 29.417
28 74 78.006
28 75 77.075
28 76 49.71
28 77 37.371
28 78 5.586
28 79 41.884
28 80 20.785
28 81 44.672
28 82 64.01
28 83 54.604
28 84 66.091
28 85 8.406
28 86 83.959
28 87 68.128
28 88 74.889
28 89 16.556
28 90 83.071
28 91 85.557
28 92 93.003
28 93 84.214
28 94 38.196
28 95 15.873
28 96 53.725
28 97 58.056
28 98 46.576
28 99 78.862
29 30 43.887
29 31 4.813
29 32 19.965
29 33 53.072
29 34 14.171
29 35 93.981
29 36 49.859
29 37 22.64
29 38 9.688
29 39 52.945
29 40 52.316
29 41 25.818
29 42 54.488
29 43 22.861
29 44 46.992
29 45 2.055
29 46 72.433
29 47 70.789
29 48 48.113
29 49 17.471
29 50 42.817
29 51 51.963
29 52 1.449
29 53 12.182
29 54 82.886
29 55 93.162
29 56 35.045
29 57 45.4
29 58 87.091
29 59 20.364
29 60 58.223
29 61 71.249
29 62 59.732
29 63 9.499
29 64 80.881
29 65 86.864
29 66 9.111
29 67 55.239
29 68 45.924
29 69 14.202
29 70 73.483
29 71 53.136
29 72 3.386
29 73 50.133
29 74 18.077
29 75 53.225
29 76 73.891
29 77 50.109
29 78 46.193
29 79 68.718
29 80 93.205
29 81 67.89
29 82 4.772
29 83 51.333
29 84 41.052
29 85 82.195
29 86 59.364
29 87 50.434
29 88 88.191
29 89 84.814
29 90 2.925
29 91 26.496
29 92 9.688
29 93 57.439
29 94 33.761
29 95 17.068
29 96 72.188
29 97 95.15
29 98 53.805
29 99 68.527
30 31 13.593
30 32 3.56
30 33 27.94
30 34 56.05
30 35 55.985
30 36 43.013
30 37 94.511
30 38 19.476
30 39 80.552
30 40 11.102
30 41 20.225
30 42 47.168
30 43 36.181
30 44 88.754
30 45 47.107
30 46 80.676
30 47 82.846
30 48 84.925
30 49 4.784
30 50 26.576
30 51 80.923
30 52 92.001
30 53 65.045
30 54 20.192
30 55 13.434
30 56 96.785
30 57 61.705
30 58 93.39
30 59 28.659
30 60 98.441
30 61 76.287
30 62 57.572
30 63 8.99
30 64 63.036
30 65 50.239
30 66 10.447
30 67 70.479
30 68 50.729
30 69 71.193
30 70 23.367
30 71 89.347
30 72 11.464
30 73 34.269
30 74 19.511
30 75 58.653
30 76 7.582
30 77 14.986
30 78 9.524
30 79 69.584
30 80 27.593
30 81 52.543
30 82 76.913
30 83 55.011
30 84 4.199
30 85 17.868
30 86 38.809
30 87 41.377
30 88 64.941
30 89 17.132
30 90 11.434
30 91 33.738
30 92 61.106
30 93 86.896
30 94 40.262
30 95 44.496
30 96 81.384
30 97 21.487
30 98 54.204
30 99 73.587
31 32 61.695
31 33 12.834
31 34 56.306
31 35 84.287
31 36 23.56
31 37 18.903
31 38 40.124
31 39 42.599
31 40 46.714
31 41 82.031
31 42 93.97
31 43 41.163
31 44 8.237
31 45 22.167
31 46 61.166
31 47 55.654
31 48 63.404
31 49 12.171
31 50 63.615
31 51 44.717
31 52 6.969
31 53 73.639
31 54 76.626
31 55 43.349
31 56 93.835
31 57 67.937
31 58 10.455
31 59 22.527
31 60 78.19
31 61 8.846
31 62 16.988
31 63 79.501
31 64 61.655
31 65 19.728
31 66 33.371
31 67 27.67
31 68 71.354
31 69 58.746
31 70 29.753
31 71 75.445
31 72 29.129
31 73 18.982
31 74 82.661
31 75 78.011
31 76 67.143
31 77 56.787
31 78 54.339
31 79 42.82
31 80 17.311
31 81 15.928
31 82 93.643
31 83 66.655
31 84 68.477
31 85 11.78
31 86 55.205
31 87 74.831
31 88 55.582
31 89 31.854
31 90 21.902
31 91 24.938
31 92 10.626
31 93 85.273
31 94 5.291
31 95 44.103
31 96 49.903
31 97 22.15
31 98 4.777
31 99 8.42
32 33 74.008
32 34 38.253
32 35 85.765
32 36 37.138
32 37 24.901
32 38 8.64
32 39 16.491
32 40 12.636
32 41 85.21
32 42 90.863
32 43 57.895
32 44 93.552
32 45 40.278
32 46 31.381
32 47 23.377
32 48 95.608
32 49 49.024
32 50 30.638
32 51 81.019
32 52 56.43
32 53 54.546
32 54 18.583
32 55 88.863
32 56 29.885
32 57 95.695
32 58 26.327
32 59 96.884
32 60 19.52
32 61 60.077
32 62 8.438
32 63 33.515
32 64 86.179
32 65 58.517
32 66 75.806
32 67 85.229
32 68 25.008
32 69 53.739
32 70 46.315
32 71 61.473
32 72 30.229
32 73 3.009
32 74 73.759
32 75 83.308
32 76 20.108
32 77 59.316
32 78 23.232
32 79 80.687
32 80 4.699
32 81 39.319
32 82 20.238
32 83 19.582
32 84 54.008
32 85 67.143
32 86 28.571
32 87 58.19
32 88 6.173
32 89 45.775
32 90 11.023
32 91 88.752
32 92 20.979
32 93 79.105
32 94 72.706
32 95 2.154
32 96 56.35
32 97 50.612
32 98 90.415
32 99 7.589
33 34 24.436
33 35 97.29
33 36 80.481
33 37 3.965
33 38 24.057
33 39 52.187
33 40 50.891
33 41 87.271
33 42 97.014
33 43 68.89
33 44 70.361
33 45 38.673
33 46 58.501
33 47 16.151
33 48 3.324
33 49 58.674
33 50 21.349
33 51 67.698
33 52 40.145
33 53 16.989
33 54 20.618
33 55 3.119
33 56 10.962
33 57 19.585
33 58 59.788
33 59 35.57
33 60 2.311
33 61 8.42
33 62 26.661
33 63 22.706
33 64 54.095
33 65 71.733
33 66 14.049
33 67 2.126
33 68 45.53
33 69 4.331
33 70 29.372
33 71 9.3
33 72 75.961
33 73 24.799
33 74 55.277
33 75 53.542
33 76 55.538
33 77 43.49
33 78 58.871
33 79 76.446
33 80 88.095
33 81 33.83
33 82 17.18
33 83 85.988
33 84 36.784
33 85 95.361
33 86 7.507
33 87 60.188
33 88 39.652
33 89 91.061
33 90 35.94
33 91 72.708
33 92 60.677
33 93 57.83
33 94 12.36
33 95 14.08
33 96 56.748
33 97 97.979
33 98 50.312
33 99 14.322
34 35 37.225
34 36 44.341
34 37 75.795
34 38 29.017
34 39 60.172
34 40 79.914
34 41 61.438
34 42 80.535
34 43 24.61
34 44 41.528
34 45 82.737
34 46 75.07
34 47 28.161
34 48 75.15
34 49 93.454
34 50 60.077
34 51 9.288
34 52 98.741
34 53 25.344
34 54 64.613
34 55 80.672
34 56 37.778
34 57 69.565
34 58 59.355
34 59 76.587
34 60 79.94
34 61 42.543
34 62 25.504
34 63 85.612
34 64 40.75
34 65 60.491
34 66 97.781
34 67 1.341
34 68 28.31
34 69 53.464
34 70 53.601
34 71 37.871
34 72 84.416
34 73 47.515
34 74 39.469
34 75 40.548
34 76 7.207
34 77 3.122
34 78 11.071
34 79 47.733
34 80 31.78
34 81 92.967
34 82 81.829
34 83 33.604
34 84 83.788
34 85 26.276
34 86 98.908
34 87 17.229
34 88 57.39
34 89 31.094
34 90 79.824
34 91 4.988
34 92 83.403
34 93 82.766
34 94 8.371
34 95 15.068
34 96 9.588
34 97 55.378
34 98 61.727
34 99 59.883
35 36 7.665
35 37 24.663
35 38 43.371
35 39 24.514
35 40 10.84
35 41 45.244
35 42 25.225
35 43 20.372
35 44 21.319
35 45 29.082
35 46 27.944
35 47 7.589
35 48 61.463
35 49 7.26
35 50 90.818
35 51 31.994
35 52 39.194
35 53 19.447
35 54 10.113
35 55 29.108
35 56 55.401
35 57 84.876
35 58 93.843
35 59 91.359
35 60 15.934
35 61 38.156
35 62 36.677
35 63 18.738
35 64 36.834
35 65 63.494
35 66 96.781
35 67 12.928
35 68 6.674
35 69 21.243
35 70 6.637
35 71 59.116
35 72 78.668
35 73 34.337
35 74 39.513
35 75 74.798
35 76 9.888
35 77 41.477
35 78 33.457
35 79 39.198
35 80 65.228
35 81 57.557
35 82 30.768
35 83 83.046
35 84 36.511
35 85 19.68
35 86 41.125
35 87 24.006
35 88 27.384
35 89 29.375
35 90 42.005
35 91 65.87
35 92 8.749
35 93 90.716
35 94 71.962
35 95 46.543
35 96 43.62
35 97 22.089
35 98 73.602
35 99 12.793
36 37 82.777
36 38 91.001
36 39 40.845
36 40 31.418
36 41 44.935
36 42 60.936
36 43 77.049
36 44 97.263
36 45 29.686
36 46 80.572
36 47 56.798
36 48 54.732
36 49 9.135
36 50 55.46
36 51 96.769
36 52 20.661
36 53 1.205
36 54 55.453
36 55 65.781
36 56 16.723
36 57 38.57
36 58 69.649
36 59 76.535
36 60 81.439
36 61 88.059
36 62 81.582
36 63 62.468
36 64 2.479
36 65 63.668
36 66 51.057
36 67 1.869
36 68 59.501
36 69 15.327
36 70 32.591
36 71 69.503
36 72 53.431
36 73 24.457
36 74 60.612
36 75 72.502
36 76 39.467
36 77 62.751
36 78 31.881
36 79 22.508
36 80 9.904
36 81 90.071
36 82 63.371
36 83 70.957
36 84 86.377
36 85 40.026
36 86 21.129
36 87 47.279
36 88 21.247
36 89 85.667
36 90 46.653
36 91 67.32
36 92 17.393
36 93 36.49
36 94 64.101
36 95 53.647
36 96 69.0
36 97 33.794
36 98 22.534
36 99 71.14
37 38 50.129
37 39 19.148
37 40 26.434
37 41 87.563
37 42 68.606
37 43 87.911
37 44 29.374
37 45 32.683
37 46 61.362
37 47 37.192
37 48 54.729
37 49 35.636
37 50 54.945
37 51 15.668
37 52 92.525
37 53 76.136
37 54 65.88
37 55 78.16
37 56 53.908
37 57 73.448
37 58 84.388
37 59 55.616
37 60 5.443
37 61 56.623
37 62 85.79
37 63 17.729
37 64 30.367
37 65 36.216
37 66 64.467
37 67 55.732
37 68 69.206
37 69 23.679
37 70 9.359
37 71 90.701
37 72 97.853
37 73 12.319
37 74 93.246
37 75 35.742
37 76 29.99
37 77 53.805
37 78 83.764
37 79 46.515
37 80 3.459
37 81 46.502
37 82 42.913
37 83 64.879
37 84 36.355
37 85 13.03
37 86 63.362
37 87 63.72
37 88 39.216
37 89 49.153
37 90 57.585
37 91 58.605
37 92 28.433
37 93 16.727
37 94 43.925
37 95 79.762
37 96 83.345
37 97 21.096
37 98 52.603
37 99 44.626
38 39 12.751
38 40 42.552
38 41 51.317
38 42 26.546
38 43 35.67
38 44 22.545
38 45 68.803
38 46 95.118
38 47 88.857
38 48 58.236
38 49 20.975
38 50 92.569
38 51 69.184
38 52 3.943
38 53 80.947
38 54 32.63
38 55 43.383
38 56 33.841
38 57 39.941
38 58 7.783
38 59 58.484
38 60 37.242
38 61 1.171
38 62 34.191
38 63 69.869
38 64 68.284
38 65 98.842
38 66 9.181
38 67 39.401
38 68 25.663
38 69 15.036
38 70 27.005
38 71 12.232
38 72 16.387
38 73 32.416
38 74 61.622
38 75 18.442
38 76 48.18
38 77 46.147
38 78 78.692
38 79 26.448
38 80 66.005
38 81 58.356
38 82 39.765
38 83 42.646
38 84 59.329
38 85 34.727
38 86 20.618
38 87 56.972
38 88 29.853
38 89 91.424
38 90 62.577
38 91 43.796
38 92 50.804
38 93 15.445
38 94 42.748
38 95 16.169
38 96 89.241
38 97 12.167
38 98 17.247
38 99 98.25
39 40 33.42
39 41 20.64
39 42 68.711
39 43 50.948
39 44 87.482
39 45 6.776
39 46 91.987
39 47 47.333
39 48 87.291
39 49 74.299
39 50 50.02
39 51 4.907
39 52 85.348
39 53 49.258
39 54 31.237
39 55 56.934
39 56 19.204
39 57 46.428
39 58 20.169
39 59 82.474
39 60 54.484
39 61 9.101
39 62 7.179
39 63 28.411
39 64 94.69
39 65 93.295
39 66 6.558
39 67 29.457
39 68 82.303
39 69 10.652
39 70 58.816
39 71 61.951
39 72 8.137
39 73 32.921
39 74 92.301
39 75 19.241
39 76 51.143
39 77 22.678
39 78 12.101
39 79 75.157
39 80 97.617
39 81 17.608
39 82 60.424
39 83 83.243
39 84 91.064
39 85 46.211
39 86 38.909
39 87 64.37
39 88 20.466
39 89 51.642
39 90 10.367
39 91 62.765
39 92 71.928
39 93 25.593
39 94 71.461
39 95 14.195
39 96 64.496
39 97 80.411
39 98 10.9
39 99 75.825
40 41 33.004
40 42 48.666
40 43 32.695
40 44 11.603
40 45 24.532
40 46 41.064
40 47 35.207
40 48 15.229
40 49 30.684
40 50 46.101
40 51 68.475
40 52 49.859
40 53 42.583
40 54 29.182
40 55 26.824
40 56 53.366
40 57 79.64
40 58 15.795
40 59 70.133
40 60 80.347
40 61 70.368
40 62 20.944
40 63 3.35
40 64 56.889
40 65 18.707
40 66 60.879
40 67 15.955
40 68 52.762
40 69 73.414
40 70 88.324
40 71 61.254
40 72 58.516
40 73 50.981
40 74 78.707
40 75 61.832
40 76 10.191
40 77 57.167
40 78 26.193
40 79 13.017
40 80 46.744
40 81 68.745
40 82 39.643
40 83 35.442
40 84 86.197
40 85 82.881
40 86 86.988
40 87 48.225
40 88 87.981
40 89 27.216
40 90 98.473
40 91 64.755
40 92 13.341
40 93 21.817
40 94 70.681
40 95 95.025
40 96 69.087
40 97 52.58
40 98 67.119
40 99 57.507
41 42 39.779
41 43 15.393
41 44 21.225
41 45 6.68
41 46 15.802
41 47 71.028
41 48 35.588
41 49 41.824
41 50 59.855
41 51 36.124
41 52 62.873
41 53 77.545
41 54 26.3
41 55 51.518
41 56 91.18
41 57 83.156
41 58 7.525
41 59 81.559
41 60 38.133
41 61 66.333
41 62 59.7
41 63 45.749
41 64 69.99
41 65 84.739
41 66 79.298
41 67 14.304
41 68 42.229
41 69 56.422
41 70 45.721
41 71 71.178
41 72 90.725
41 73 65.447
41 74 34.965
41 75 8.992
41 76 27.493
41 77 20.768
41 78 20.013
41 79 43.633
41 80 92.615
41 81 58.024
41 82 71.29
41 83 66.113
41 84 85.827
41 85 45.884
41 86 56.399
41 87 9.907
41 88 57.01
41 89 36.318
41 90 15.44
41 91 82.199
41 92 43.207
41 93 17.43
41 94 73.919
41 95 32.077
41 96 92.964
41 97 18.638
41 98 57.497
41 99 80.531
42 43 92.623
42 44 28.578
42 45 27.526
42 46 11.98
42 47 3.147
42 48 56.137
42 49 83.567
42 50 76.422
42 51 1.653
42 52 43.782
42 53 33.448
42 54 17.713
42 55 12.336
42 56 16.806
42 57 47.257
42 58 54.91
42 59 27.553
42 60 90.267
42 61 16.392
42 62 52.472
42 63 44.685
42 64 67.395
42 65 53.85
42 66 27.011
42 67 1.223
42 68 98.83
42 69 45.409
42 70 69.334
42 71 12.652
42 72 77.569
42 73 59.085
42 74 89.359
42 75 44.894
42 76 40.481
42 77 96.251
42 78 17.618
42 79 56.458
42 80 72.551
42 81 64.037
42 82 74.771
42 83 23.509
42 84 1.835
42 85 2.909
42 86 16.55
42 87 31.117
42 88 27.221
42 89 80.313
42 90 24.471
42 91 51.276
42 92 57.502
42 93 65.221
42 94 29.408
42 95 47.989
42 96 52.821
42 97 49.332
42 98 56.116
42 99 71.523
43 44 51.218
43 45 82.562
43 46 4.559
43 47 44.802
43 48 21.071
43 49 82.562
43 50 9.099
43 51 2.451
43 52 21.408
43 53 44.022
43 54 35.435
43 55 49.545
43 56 53.677
43 57 92.942
43 58 36.696
43 59 80.357
43 60 52.887
43 61 42.58
43 62 51.739
43 63 44.128
43 64 39.475
43 65 31.714
43 66 88.635
43 67 23.898
43 68 71.543
43 69 8.452
43 70 97.296
43 71 39.768
43 72 27.241
43 73 50.375
43 74 16.408
43 75 18.228
43 76 53.601
43 77 7.25
43 78 18.342
43 79 98.213
43 80 75.836
43 81 40.73
43 82 90.739
43 83 61.117
43 84 66.56
43 85 66.949
43 86 41.201
43 87 1.005
43 88 81.371
43 89 86.239
43 90 48.73
43 91 91.279
43 92 21.812
43 93 34.784
43 94 46.714
43 95 95.943
43 96 54.692
43 97 69.946
43 98 7.29
43 99 83.216
44 45 6.51
44 46 83.076
44 47 50.333
44 48 3.376
44 49 33.939
44 50 26.534
44 51 4.47
44 52 20.33
44 53 59.385
44 54 37.704
44 55 13.199
44 56 39.021
44 57 60.261
44 58 6.675
44 59 17.411
44 60 45.322
44 61 49.539
44 62 36.69
44 63 60.395
44 64 60.96
44 65 92.918
44 66 50.43
44 67 28.451
44 68 15.957
44 69 92.961
44 70 27.92
44 71 22.911
44 72 61.431
44 73 43.701
44 74 98.111
44 75 15.28
44 76 20.46
44 77 82.656
44 78 62.156
44 79 64.075
44 80 71.528
44 81 89.253
44 82 35.727
44 83 88.356
44 84 63.806
44 85 79.236
44 86 78.022
44 87 65.57
44 88 56.849
44 89 97.924
44 90 95.786
44 91 42.868
44 92 12.452
44 93 71.093
44 94 23.264
44 95 61.769
44 96 1.074
44 97 44.626
44 98 49.715
44 99 40.878
45 46 18.801
45 47 59.483
45 48 87.856
45 49 43.939
45 50 77.539
45 51 57.953
45 52 96.404
45 53 36.085
45 54 29.249
45 55 15.068
45 56 77.164
45 57 61.432
45 58 56.204
45 59 52.613
45 60 50.622
45 61 9.309
45 62 98.106
45 63 15.078
45 64 20.57
45 65 18.849
45 66 79.15
45 67 52.795
45 68 65.98
45 69 16.095
45 70 48.111
45 71 5.748
45 72 31.048
45 73 94.708
45 74 93.658
45 75 36.553
45 76 29.225
45 77 29.74
45 78 20.433
45 79 58.98
45 80 48.233
45 81 52.315
45 82 70.697
45 83 20.003
45 84 36.353
45 85 22.772
45 86 55.077
45 87 62.063
45 88 82.059
45 89 71.296
45 90 4.099
45 91 70.928
45 92 92.768
45 93 15.753
45 94 52.101
45 95 58.182
45 96 41.798
45 97 96.298
45 98 4.96
45 99 58.743
46 47 9.344
46 48 86.205
46 49 56.101
46 50 70.021
46 51 84.386
46 52 88.766
46 53 58.312
46 54 72.347
46 55 22.928
46 56 88.184
46 57 68.27
46 58 38.585
46 59 94.884
46 60 85.369
46 61 72.539
46 62 33.198
46 63 54.594
46 64 33.575
46 65 15.37
46 66 94.76
46 67 87.584
46 68 89.077
46 69 89.278
46 70 23.217
46 71 43.525
46 72 30.804
46 73 19.925
46 74 78.825
46 75 82.56
46 76 49.309
46 77 87.748
46 78 11.739
46 79 66.756
46 80 21.802
46 81 58.491
46 82 95.334
46 83 39.624
46 84 83.039
46 85 88.537
46 86 9.407
46 87 89.845
46 88 11.49
46 89 90.623
46 90 79.321
46 91 53.892
46 92 79.55
46 93 18.026
46 94 44.011
46 95 24.912
46 96 4.595
46 97 97.488
46 98 35.566
46 99 48.719
47 48 49.453
47 49 12.153
47 50 42.806
47 51 72.497
47 52 17.092
47 53 94.136
47 54 59.108
47 55 60.217
47 56 40.939
47 57 72.842
47 58 32.26
47 59 28.468
47 60 23.679
47 61 5.459
47 62 23.005
47 63 53.327
47 64 9.376
47 65 67.472
47 66 7.557
47 67 97.057
47 68 70.75
47 69 3.001
47 70 7.667
47 71 82.963
47 72 62.301
47 73 88.932
47 74 41.858
47 75 27.747
47 76 91.054
47 77 45.78
47 78 61.702
47 79 56.412
47 80 14.691
47 81 55.355
47 82 27.336
47 83 88.394
47 84 70.944
47 85 51.934
47 86 98.232
47 87 34.905
47 88 50.546
47 89 24.221
47 90 67.971
47 91 33.333
47 92 58.412
47 93 49.591
47 94 56.487
47 95 74.299
47 96 50.573
47 97 19.963
47 98 22.645
47 99 71.572
48 49 26.776
48 50 65.175
48 51 1.238
48 52 55.175
48 53 49.944
48 54 82.63
48 55 96.752
48 56 14.261
48 57 43.406
48 58 90.289
48 59 36.061
48 60 15.753
48 61 8.749
48 62 30.684
48 63 44.408
48 64 54.81
48 65 48.242
48 66 52.685
48 67 28.954
48 68 7.95
48 69 79.929
48 70 26.996
48 71 73.022
48 72 44.705
48 73 49.377
48 74 12.887
48 75 92.029
48 76 69.222
48 77 43.477
48 78 80.831
48 79 63.435
48 80 33.242
48 81 47.068
48 82 6.123
48 83 21.855
48 84 44.78
48 85 12.265
48 86 31.367
48 87 89.071
48 88 24.993
48 89 49.14
48 90 37.849
48 91 19.451
48 92 61.704
48 93 10.747
48 94 90.681
48 95 81.632
48 96 80.07
48 97 71.717
48 98 95.653
48 99 30.136
49 50 40.105
49 51 29.214
49 52 3.011
49 53 70.437
49 54 46.516
49 55 10.695
49 56 78.091
49 57 71.15
49 58 55.809
49 59 51.531
49 60 68.6
49 61 11.206
49 62 59.59
49 63 45.668
49 64 29.038
49 65 6.589
49 66 49.302
49 67 18.3
49 68 51.745
49 69 57.015
49 70 87.144
49 71 4.768
49 72 54.444
49 73 81.518
49 74 93.092
49 75 94.471
49 76 55.957
49 77 12.828
49 78 13.982
49 79 46.248
49 80 8.313
49 81 52.13
49 82 57.099
49 83 58.292
49 84 74.068
49 85 64.855
49 86 39.278
49 87 87.339
49 88 37.498
49 89 97.304
49 90 31.3
49 91 4.618
49 92 83.204
49 93 95.596
49 94 97.663
49 95 4.271
49 96 73.864
49 97 15.414
49 98 77.399
49 99 75.034
50 51 53.805
50 52 2.215
50 53 11.373
50 54 4.987
50 55 89.277
50 56 76.656
50 57 36.487
50 58 14.837
50 59 27.329
50 60 66.965
50 61 63.118
50 62 14.336
50 63 17.674
50 64 83.341
50 65 62.765
50 66 63.388
50 67 78.649
50 68 65.605
50 69 8.379
50 70 65.418
50 71 63.458
50 72 43.192
50 73 34.579
50 74 55.734
50 75 32.753
50 76 90.582
50 77 35.512
50 78 69.057
50 79 15.004
50 80 84.123
50 81 48.348
50 82 97.189
50 83 13.602
50 84 66.192
50 85 31.423
50 86 78.804
50 87 37.538
50 88 35.599
50 89 50.334
50 90 91.952
50 91 95.716
50 92 46.657
50 93 48.169
50 94 10.606
50 95 16.991
50 96 11.621
50 97 49.759
50 98 49.839
50 99 65.063
51 52 42.706
51 53 23.057
51 54 12.055
51 55 66.4
51 56 92.234
51 57 36.67
51 58 77.717
51 59 97.655
51 60 84.152
51 61 77.256
51 62 79.723
51 63 60.496
51 64 91.292
51 65 68.76
51 66 41.492
51 67 57.73
51 68 81.498
51 69 97.756
51 70 98.418
51 71 92.968
51 72 8.685
51 73 87.44
51 74 48.569
51 75 9.62
51 76 65.129
51 77 68.639
51 78 84.094
51 79 86.693
51 80 5.076
51 81 19.89
51 82 20.996
51 83 87.135
51 84 71.22
51 85 16.251
51 86 11.23
51 87 33.65
51 88 25.359
51 89 80.084
51 90 32.879
51 91 10.491
51 92 44.958
51 93 87.355
51 94 72.705
51 95 71.409
51 96 90.398
51 97 87.656
51 98 67.065
51 99 2.811
52 53 87.946
52 54 26.929
52 55 87.899
52 56 62.83
52 57 57.126
52 58 69.51
52 59 65.411
52 60 2.033
52 61 27.537
52 62 96.439
52 63 89.224
52 64 95.082
52 65 88.905
52 66 19.405
52 67 71.207
52 68 57.761
52 69 84.155
52 70 10.941
52 71 36.039
52 72 8.912
52 73 22.17
52 74 28.1
52 75 50.735
52 76 8.454
52 77 28.229
52 78 22.288
52 79 4.745
52 80 94.135
52 81 14.819
52 82 45.342
52 83 4.268
52 84 35.202
52 85 61.609
52 86 54.612
52 87 70.77
52 88 68.723
52 89 62.67
52 90 9.317
52 91 40.924
52 92 54.921
52 93 4.397
52 94 8.676
52 95 50.727
52 96 4.772
52 97 26.35
52 98 80.365
52 99 22.912
53 54 45.984
53 55 70.168
53 56 48.58
53 57 57.449
53 58 58.606
53 59 16.529
53 60 78.604
53 61 64.931
53 62 25.323
53 63 69.088
53 64 32.788
53 65 2.712
53 66 93.754
53 67 61.983
53 68 74.723
53 69 53.678
53 70 70.178
53 71 47.766
53 72 57.715
53 73 29.725
53 74 24.509
53 75 79.428
53 76 86.508
53 77 70.287
53 78 73.101
53 79 3.367
53 80 94.7
53 81 3.808
53 82 15.007
53 83 70.547
53 84 50.708
53 85 43.462
53 86 74.95
53 87 28.315
53 88 24.31
53 89 54.342
53 90 22.977
53 91 35.873
53 92 1.83
53 93 23.226
53 94 47.854
53 95 85.734
53 96 33.623
53 97 56.532
53 98 97.972
53 99 43.526
54 55 53.957
54 56 21.767
54 57 39.405
54 58 89.932
54 59 98.211
54 60 92.6
54 61 2.523
54 62 48.83
54 63 7.379
54 64 44.212
54 65 85.577
54 66 26.152
54 67 89.845
54 68 15.254
54 69 72.287
54 70 80.688
54 71 39.905
54 72 70.526
54 73 62.795
54 74 61.688
54 75 96.505
54 76 63.022
54 77 3.185
54 78 94.947
54 79 90.516
54 80 44.352
54 81 95.581
54 82 52.435
54 83 80.193
54 84 59.681
54 85 68.175
54 86 63.698
54 87 77.134
54 88 98.184
54 89 12.865
54 90 16.006
54 91 32.272
54 92 64.783
54 93 19.288
54 94 90.888
54 95 80.272
54 96 15.055
54 97 2.331
54 98 67.428
54 99 55.914
55 56 57.655
55 57 81.345
55 58 41.555
55 59 98.417
55 60 70.668
55 61 82.234
55 62 11.866
55 63 82.454
55 64 24.874
55 65 73.689
55 66 8.606
55 67 71.629
55 68 22.294
55 69 46.221
55 70 4.722
55 71 60.283
55 72 82.084
55 73 50.606
55 74 96.099
55 75 81.076
55 76 92.347
55 77 30.132
55 78 58.978
55 79 66.187
55 80 91.281
55 81 58.388
55 82 69.787
55 83 86.761
55 84 87.784
55 85 35.655
55 86 91.378
55 87 3.353
55 88 29.226
55 89 28.687
55 90 51.945
55 91 48.211
55 92 28.984
55 93 38.264
55 94 68.758
55 95 34.474
55 96 90.851
55 97 74.576
55 98 63.782
55 99 74.252
56 57 42.172
56 58 57.756
56 59 42.599
56 60 26.943
56 61 86.62
56 62 73.153
56 63 43.908
56 64 21.915
56 65 86.497
56 66 54.397
56 67 59.201
56 68 41.131
56 69 33.389
56 70 64.684
56 71 95.625
56 72 77.063
56 73 8.587
56 74 32.515
56 75 42.272
56 76 7.859
56 77 90.741
56 78 50.861
56 79 23.117
56 80 27.376
56 81 53.699
56 82 27.307
56 83 25.336
56 84 4.065
56 85 62.351
56 86 58.54
56 87 39.312
56 88 60.848
56 89 7.658
56 90 30.596
56 91 74.98
56 92 85.109
56 93 52.826
56 94 74.679
56 95 36.893
56 96 11.355
56 97 75.582
56 98 58.933
56 99 11.547
57 58 66.673
57 59 31.618
57 60 6.489
57 61 51.099
57 62 49.743
57 63 14.553
57 64 78.5
57 65 65.62
57 66 1.076
57 67 23.335
57 68 74.018
57 69 85.859
57 70 62.32
57 71 5.826
57 72 60.303
57 73 26.082
57 74 28.274
57 75 26.973
57 76 76.655
57 77 61.914
57 78 28.345
57 79 94.204
57 80 1.278
57 81 21.828
57 82 6.425
57 83 39.091
57 84 22.398
57 85 27.502
57 86 15.466
57 87 6.973
57 88 6.149
57 89 92.474
57 90 80.69
57 91 88.726
57 92 39.902
57 93 87.06
57 94 85.489
57 95 85.394
57 96 72.434
57 97 42.909
57 98 9.968
57 99 24.613
58 59 63.327
58 60 37.532
58 61 31.75
58 62 36.687
58 63 84.121
58 64 97.374
58 65 58.012
58 66 62.694
58 67 39.69
58 68 52.631
58 69 92.26
58 70 47.569
58 71 7.523
58 72 49.71
58 73 33.021
58 74 89.021
58 75 33.418
58 76 17.514
58 77 64.698
58 78 4.584
58 79 83.572
58 80 98.898
58 81 12.49
58 82 49.408
58 83 37.975
58 84 82.068
58 85 69.723
58 86 73.425
58 87 72.469
58 88 51.537
58 89 91.836
58 90 41.105
58 91 22.721
58 92 69.173
58 93 37.566
58 94 22.669
58 95 91.107
58 96 85.516
58 97 81.261
58 98 81.113
58 99 18.536
59 60 3.245
59 61 29.723
59 62 5.759
59 63 97.331
59 64 55.458
59 65 29.462
59 66 38.061
59 67 55.824
59 68 83.363
59 69 33.098
59 70 72.24
59 71 19.388
59 72 54.238
59 73 69.082
59 74 81.134
59 75 69.687
59 76 31.472
59 77 9.139
59 78 86.615
59 79 12.932
59 80 65.254
59 81 31.757
59 82 2.739
59 83 90.958
59 84 22.548
59 85 1.508
59 86 41.297
59 87 26.084
59 88 33.361
59 89 82.91
59 90 28.564
59 91 25.197
59 92 94.83
59 93 61.212
59 94 81.729
59 95 32.609
59 96 16.149
59 97 50.233
59 98 44.462
59 99 40.284
60 61 6.152
60 62 78.889
60 63 30.066
60 64 33.743
60 65 25.958
60 66 41.967
60 67 70.966
60 68 23.046
60 69 78.47
60 70 3.343
60 71 16.823
60 72 49.493
60 73 8.986
60 74 53.508
60 75 77.701
60 76 13.959
60 77 6.162
60 78 40.603
60 79 78.623
60 80 53.082
60 81 12.395
60 82 84.044
60 83 55.673
60 84 46.104
60 85 91.987
60 86 38.077
60 87 28.013
60 88 53.969
60 89 36.198
60 90 67.073
60 91 78.535
60 92 23.245
60 93 95.529
60 94 41.11
60 95 35.575
60 96 1.7
60 97 14.065
60 98 77.357
60 99 57.192
61 62 27.291
61 63 53.695
61 64 39.772
61 65 54.932
61 66 15.623
61 67 81.379
61 68 59.52
61 69 67.294
61 70 28.593
61 71 35.198
61 72 28.81
61 73 22.127
61 74 20.391
61 75 40.393
61 76 54.501
61 77 54.968
61 78 27.289
61 79 32.381
61 80 19.743
61 81 28.573
61 82 70.686
61 83 10.133
61 84 47.162
61 85 4.773
61 86 86.202
61 87 97.744
61 88 36.521
61 89 46.106
61 90 49.371
61 91 61.897
61 92 48.699
61 93 49.098
61 94 45.734
61 95 63.445
61 96 31.807
61 97 34.921
61 98 87.369
61 99 62.689
62 63 61.111
62 64 34.769
62 65 97.7
62 66 52.935
62 67 36.009
62 68 60.072
62 69 59.356
62 70 85.906
62 71 4.824
62 72 12.988
62 73 23.901
62 74 94.073
62 75 14.449
62 76 67.08
62 77 46.317
62 78 62.895
62 79 17.75
62 80 16.242
62 81 2.053
62 82 6.061
62 83 27.757
62 84 50.227
62 85 91.662
62 86 17.459
62 87 64.797
62 88 42.359
62 89 86.257
62 90 7.509
62 91 84.746
62 92 93.695
62 93 63.704
62 94 32.977
62 95 57.551
62 96 7.376
62 97 74.164
62 98 84.453
62 99 61.721
63 64 28.278
63 65 34.904
63 66 96.956
63 67 36.656
63 68 77.526
63 69 81.042
63 70 29.345
63 71 43.735
63 72 35.699
63 73 48.367
63 74 7.894
63 75 72.05
63 76 10.993
63 77 67.547
63 78 16.097
63 79 88.68
63 80 30.557
63 81 61.429
63 82 36.719
63 83 1.341
63 84 42.182
63 85 73.755
63 86 33.696
63 87 94.709
63 88 59.557
63 89 64.6
63 90 42.756
63 91 36.129
63 92 83.223
63 93 78.373
63 94 31.114
63 95 41.227
63 96 70.616
63 97 30.047
63 98 76.77
63 99 46.901
64 65 44.724
64 66 97.136
64 67 82.425
64 68 59.199
64 69 43.507
64 70 67.051
64 71 95.381
64 72 63.642
64 73 74.662
64 74 67.688
64 75 28.731
64 76 64.663
64 77 74.735
64 78 78.21
64 79 26.308
64 80 24.364
64 81 96.774
64 82 40.502
64 83 65.997
64 84 57.717
64 85 74.28
64 86 92.26
64 87 66.183
64 88 61.857
64 89 63.729
64 90 15.159
64 91 64.579
64 92 2.508
64 93 74.384
64 94 17.191
64 95 63.822
64 96 80.932
64 97 64.134
64 98 89.238
64 99 97.549
65 66 61.392
65 67 64.54
65 68 33.016
65 69 43.675
65 70 68.134
65 71 27.807
65 72 6.134
65 73 41.925
65 74 90.327
65 75 86.943
65 76 23.366
65 77 48.478
65 78 9.835
65 79 91.836
65 80 47.338
65 81 65.993
65 82 25.126
65 83 68.321
65 84 5.119
65 85 54.539
65 86 11.368
65 87 45.177
65 88 50.755
65 89 23.631
65 90 98.908
65 91 22.884
65 92 4.492
65 93 59.482
65 94 61.63
65 95 8.523
65 96 93.946
65 97 29.09
65 98 81.63
65 99 24.978
66 67 53.909
66 68 64.365
66 69 13.69
66 70 98.313
66 71 13.62
66 72 95.483
66 73 58.649
66 74 67.208
66 75 94.163
66 76 22.285
66 77 17.958
66 78 13.207
66 79 60.957
66 80 48.421
66 81 88.817
66 82 46.213
66 83 82.31
66 84 57.459
66 85 73.781
66 86 81.465
66 87 28.385
66 88 58.006
66 89 7.794
66 90 25.864
66 91 21.777
66 92 24.495
66 93 82.415
66 94 80.826
66 95 54.838
66 96 76.18
66 97 29.73
66 98 54.843
66 99 40.771
67 68 35.345
67 69 10.084
67 70 16.725
67 71 13.006
67 72 93.734
67 73 29.696
67 74 92.074
67 75 15.38
67 76 44.603
67 77 15.364
67 78 10.299
67 79 6.843
67 80 57.025
67 81 45.659
67 82 50.21
67 83 30.419
67 84 6.908
67 85 11.712
67 86 14.215
67 87 6.77
67 88 21.227
67 89 21.628
67 90 21.053
67 91 80.673
67 92 7.389
67 93 78.469
67 94 40.809
67 95 51.724
67 96 94.891
67 97 34.283
67 98 96.845
67 99 81.151
68 69 44.501
68 70 81.599
68 71 4.829
68 72 55.632
68 73 2.751
68 74 61.404
68 75 66.163
68 76 23.768
68 77 85.328
68 78 18.002
68 79 62.647
68 80 84.457
68 81 74.564
68 82 12.439
68 83 97.251
68 84 30.822
68 85 34.18
68 86 8.619
68 87 19.673
68 88 43.402
68 89 71.769
68 90 21.483
68 91 80.285
68 92 85.264
68 93 42.184
68 94 76.893
68 95 72.841
68 96 97.541
68 97 2.388
68 98 78.397
68 99 62.936
69 70 10.708
69 71 85.25
69 72 93.847
69 73 45.08
69 74 83.458
69 75 88.66
69 76 17.698
69 77 59.583
69 78 71.876
69 79 61.923
69 80 62.422
69 81 59.946
69 82 38.803
69 83 10.064
69 84 35.627
69 85 19.401
69 86 84.407
69 87 89.462
69 88 10.092
69 89 51.037
69 90 2.634
69 91 78.425
69 92 63.936
69 93 68.591
69 94 40.82
69 95 64.981
69 96 21.307
69 97 70.908
69 98 63.242
69 99 49.973
70 71 54.026
70 72 48.367
70 73 31.711
70 74 6.781
70 75 98.111
70 76 49.002
70 77 8.271
70 78 90.893
70 79 52.051
70 80 3.346
70 81 69.766
70 82 66.845
70 83 50.63
70 84 77.081
70 85 41.634
70 86 38.517
70 87 55.362
70 88 60.9
70 89 13.369
70 90 42.766
70 91 10.707
70 92 21.51
70 93 98.243
70 94 33.382
70 95 58.035
70 96 32.474
70 97 75.319
70 98 68.418
70 99 5.574
71 72 49.349
71 73 39.45
71 74 84.87
71 75 9.003
71 76 6.568
71 77 46.438
71 78 11.316
71 79 30.789
71 80 62.605
71 81 43.972
71 82 21.218
71 83 3.565
71 84 52.233
71 85 54.83
71 86 16.521
71 87 59.373
71 88 94.137
71 89 14.212
71 90 26.899
71 91 78.66
71 92 19.277
71 93 98.64
71 94 18.161
71 95 34.205
71 96 59.161
71 97 92.23
71 98 15.569
71 99 4.826
72 73 68.696
72 74 83.225
72 75 34.396
72 76 70.903
72 77 40.391
72 78 96.171
72 79 1.974
72 80 27.315
72 81 14.234
72 82 10.258
72 83 72.696
72 84 18.996
72 85 89.907
72 86 41.486
72 87 24.879
72 88 53.322
72 89 63.063
72 90 28.255
72 91 44.698
72 92 84.935
72 93 86.745
72 94 25.682
72 95 86.362
72 96 30.657
72 97 17.011
72 98 43.211
72 99 9.755
73 74 61.239
73 75 66.847
73 76 53.461
73 77 15.177
73 78 87.644
73 79 9.743
73 80 84.397
73 81 24.3
73 82 13.299
73 83 66.266
73 84 20.353
73 85 65.227
73 86 89.084
73 87 49.322
73 88 78.746
73 89 22.568
73 90 75.738
73 91 61.897
73 92 71.514
73 93 8.463
73 94 10.355
73 95 55.385
73 96 21.655
73 97 13.213
73 98 9.549
73 99 84.222
74 75 57.487
74 76 81.408
74 77 48.357
74 78 88.524
74 79 20.973
74 80 17.063
74 81 77.503
74 82 21.753
74 83 95.373
74 84 35.076
74 85 87.507
74 86 96.078
74 87 49.324
74 88 37.262
74 89 5.132
74 90 68.045
74 91 68.197
74 92 38.089
74 93 35.291
74 94 96.673
74 95 16.377
74 96 9.218
74 97 78.711
74 98 13.542
74 99 96.045
75 76 43.078
75 77 31.635
75 78 42.864
75 79 49.133
75 80 17.778
75 81 3.979
75 82 60.105
75 83 19.653
75 84 32.547
75 85 51.802
75 86 97.141
75 87 16.563
75 88 39.541
75 89 69.718
75 90 1.922
75 91 52.042
75 92 97.409
75 93 16.538
75 94 52.413
75 95 33.186
75 96 15.532
75 97 70.502
75 98 68.453
75 99 91.353
76 77 87.505
76 78 1.974
76 79 88.584
76 80 20.36
76 81 85.462
76 82 38.037
76 83 68.425
76 84 84.636
76 85 84.026
76 86 38.165
76 87 80.817
76 88 21.658
76 89 29.344
76 90 95.088
76 91 5.689
76 92 75.454
76 93 50.61
76 94 79.242
76 95 36.238
76 96 91.452
76 97 34.202
76 98 46.661
76 99 66.445
77 78 45.748
77 79 22.274
77 80 73.38
77 81 10.022
77 82 41.683
77 83 35.442
77 84 52.954
77 85 65.619
77 86 64.674
77 87 58.438
77 88 49.637
77 89 67.805
77 90 80.346
77 91 54.367
77 92 31.588
77 93 57.349
77 94 93.52
77 95 47.113
77 96 27.179
77 97 61.237
77 98 18.544
77 99 86.865
78 79 70.867
78 80 60.749
78 81 83.634
78 82 30.121
78 83 8.656
78 84 27.823
78 85 29.763
78 86 38.443
78 87 4.285
78 88 50.705
78 89 34.266
78 90 85.099
78 91 32.96
78 92 24.681
78 93 90.708
78 94 90.428
78 95 67.204
78 96 54.487
78 97 26.566
78 98 33.325
78 99 63.792
79 80 72.092
79 81 59.351
79 82 20.774
79 83 96.279
79 84 50.776
79 85 58.503
79 86 43.411
79 87 75.464
79 88 79.523
79 89 74.015
79 90 8.633
79 91 61.434
79 92 24.04
79 93 27.984
79 94 16.343
79 95 9.887
79 96 97.316
79 97 89.196
79 98 52.481
79 99 30.095
80 81 36.343
80 82 24.189
80 83 88.571
80 84 75.462
80 85 67.777
80 86 39.833
80 87 32.075
80 88 46.74
80 89 95.307
80 90 54.597
80 91 88.587
80 92 85.91
80 93 49.438
80 94 57.927
80 95 66.439
80 96 10.086
80 97 32.984
80 98 54.701
80 99 44.166
81 82 61.59
81 83 38.772
81 84 76.11
81 85 83.522
81 86 96.037
81 87 71.585
81 88 64.181
81 89 25.478
81 90 44.227
81 91 74.44
81 92 45.351
81 93 52.309
81 94 2.089
81 95 54.106
81 96 76.578
81 97 66.388
81 98 5.141
81 99 91.468
82 83 44.066
82 84 4.924
82 85 47.261
82 86 53.159
82 87 43.081
82 88 12.926
82 89 36.754
82 90 67.585
82 91 38.97
82 92 19.188
82 93 65.95
82 94 28.47
82 95 5.179
82 96 49.941
82 97 86.346
82 98 24.228
82 99 24.995
83 84 62.066
83 85 25.787
83 86 14.171
83 87 68.347
83 88 49.617
83 89 78.367
83 90 78.62
83 91 34.5
83 92 54.213
83 93 46.179
83 94 28.386
83 95 27.706
83 96 57.034
83 97 59.434
83 98 40.821
83 99 40.804
84 85 4.367
84 86 65.291
84 87 68.484
84 88 67.687
84 89 32.75
84 90 95.568
84 91 21.43
84 92 89.193
84 93 51.954
84 94 34.791
84 95 38.086
84 96 30.937
84 97 89.473
84 98 80.027
84 99 36.719
85 86 51.245
85 87 26.237
85 88 90.611
85 89 25.026
85 90 35.042
85 91 89.05
85 92 59.638
85 93 53.303
85 94 8.44
85 95 45.018
85 96 9.636
85 97 65.239
85 98 77.51
85 99 41.311
86 87 2.602
86 88 54.224
86 89 10.126
86 90 44.846
86 91 67.339
86 92 5.506
86 93 72.587
86 94 97.429
86 95 50.364
86 96 58.202
86 97 78.867
86 98 80.977
86 99 65.94
87 88 11.37
87 89 91.702
87 90 47.165
87 91 24.184
87 92 25.968
87 93 10.534
87 94 85.675
87 95 60.459
87 96 68.798
87 97 34.256
87 98 7.742
87 99 83.222
88 89 7.022
88 90 59.385
88 91 38.047
88 92 21.691
88 93 38.896
88 94 89.935
88 95 30.698
88 96 26.223
88 97 9.773
88 98 77.176
88 99 9.557
89 90 38.217
89 91 20.655
89 92 47.344
89 93 70.106
89 94 1.15
89 95 1.582
89 96 19.401
89 97 79.695
89 98 85.964
89 99 89.679
90 91 91.645
90 92 75.979
90 93 36.299
90 94 32.89
90 95 10.329
90 96 38.171
90 97 16.132
90 98 86.319
90 99 50.65
91 92 75.258
91 93 20.531
91 94 23.518
91 95 94.21
91 96 94.093
91 97 87.785
91 98 77.602
91 99 48.931
92 93 23.98
92 94 42.18
92 95 38.808
92 96 28.35
92 97 58.813
92 98 29.704
92 99 14.741
93 94 97.127
93 95 41.414
93 96 45.441
93 97 39.109
93 98 8.458
93 99 42.592
94 95 82.531
94 96 69.797
94 97 11.866
94 98 31.643
94 99 71.48
95 96 39.05
95 97 1.241
95 98 93.436
95 99 80.803
96 97 26.299
96 98 73.246
96 99 38.422
97 98 94.249
97 99 68.32
98 99 26.685
