25
0 17 89.184
0 20 25.432
0 14 54.236
0 12 27.877
0 1 5.786
0 6 41.284
0 9 56.169
0 24 30.378
0 5 23.74
0 18 93.437
0 15 16.808
1 4 50.958
2 21 62.407
2 4 19.947
2 11 14.566
2 6 32.924
2 12 14.96
2 22 35.546
2 10 82.629
2 20 3.134
2 17 21.777
2 15 10.235
2 18 46.456
2 3 88.347
2 24 29.629
3 19 17.16
3 7 28.271
3 8 68.941
3 10 97.978
3 4 30.823
3 17 12.415
3 23 26.043
3 21 11.119
3 12 47.743
3 6 22.315
3 9 33.062
3 16 23.65
3 22 47.517
3 11 82.1
3 20 63.706
3 5 77.647
3 18 35.034
3 1 69.833
3 15 4.96
4 10 10.263
4 4 80.491
4 16 65.645
4 19 54.707
4 23 64.528
4 17 74.18
4 22 24.968
4 21 70.881
5 6 32.797
5 15 67.713
5 23 48.459
6 14 96.353
6 0 40.24
6 5 56.157
6 17 61.603
6 22 20.44
7 12 70.879
7 16 31.977
7 14 92.195
7 18 32.676
7 3 72.574
8 18 27.93
8 5 48.684
8 21 36.741
8 11 49.983
8 12 97.351
8 7 69.609
8 9 38.624
8 14 38.061
8 8 68.635
8 3 23.657
8 1 55.373
8 24 7.851
8 13 49.024
8 16 64.264
8 4 96.71
8 2 55.85
8 0 60.735
8 20 5.878
8 15 51.189
8 10 26.281
8 17 83.965
9 21 69.725
9 18 75.163
9 7 80.921
9 15 5.216
9 19 60.611
9 20 47.344
9 3 28.15
9 6 58.358
9 0 4.442
9 1 8.665
9 12 22.328
9 24 14.414
9 14 19.35
9 13 63.615
9 2 90.035
9 16 87.186
9 4 95.761
9 5 10.084
10 19 11.03
10 20 86.547
10 18 73.261
10 13 57.809
10 2 58.053
10 24 22.6
10 7 3.136
10 16 5.045
10 1 18.506
10 23 16.347
11 19 19.364
11 0 18.214
11 24 40.645
11 20 66.218
12 13 2.383
12 19 63.875
12 8 56.136
12 14 89.148
12 3 49.841
12 17 50.244
12 16 1.016
13 13 14.995
13 11 77.254
13 17 63.276
13 8 50.948
13 16 49.462
13 23 87.36
13 18 18.16
13 19 8.598
13 6 68.484
13 12 82.247
14 21 46.062
14 17 60.826
14 15 28.817
14 2 96.017
14 1 32.069
14 19 91.377
14 22 27.253
14 12 34.109
14 23 66.091
14 16 80.863
14 14 3.502
14 9 40.816
14 20 20.976
14 18 64.56
14 5 15.113
14 4 55.987
14 3 8.952
14 0 66.194
15 2 26.285
15 18 8.099
15 12 74.867
15 24 87.717
15 14 61.101
15 20 66.596
15 3 22.717
15 1 82.771
15 21 96.977
15 0 28.108
15 19 84.108
16 3 35.795
16 16 90.944
16 18 20.561
16 13 22.566
16 22 65.896
16 23 19.402
16 19 50.102
17 12 1.825
17 6 90.518
17 21 54.256
17 14 92.117
17 20 52.588
17 18 87.808
17 17 18.639
17 16 96.003
17 5 19.038
17 15 33.688
17 10 18.816
17 13 93.343
17 19 86.729
17 9 50.829
17 8 83.822
17 4 57.254
17 0 49.752
17 3 85.8
17 1 23.771
18 9 96.319
18 4 81.613
19 0 51.276
19 13 14.383
19 16 25.156
19 9 6.217
20 21 71.941
20 22 55.478
20 0 1.287
20 23 20.663
20 2 79.19
20 4 91.174
20 9 46.327
20 6 70.905
20 1 25.327
20 17 62.251
20 18 84.704
20 16 70.41
20 5 20.916
20 19 17.92
20 20 52.829
20 13 25.47
21 17 94.128
22 13 28.576
22 23 41.672
22 1 60.728
22 15 62.569
22 16 13.297
22 10 90.75
22 12 37.483
22 21 58.793
22 20 68.217
22 8 14.692
22 4 8.849
22 18 3.375
22 2 49.954
22 5 74.374
22 22 49.115
22 6 87.95
22 17 89.297
22 9 13.358
22 19 69.072
22 14 78.731
22 3 21.057
22 11 64.752
23 22 45.474
23 1 18.778
23 10 93.055
23 13 10.16
23 12 37.19
23 0 60.478
23 20 30.805
23 4 52.517
23 14 96.321
23 5 45.948
23 2 97.79
23 7 58.689
23 15 57.856
24 23 42.101
24 15 36.252
24 8 55.271
24 1 29.103
24 3 33.96
24 14 46.32
24 17 56.037
24 12 33.185
24 6 66.799
24 10 38.994
24 0 54.618
24 20 73.462
24 22 49.397
24 5 83.973
24 13 84.33
24 11 21.324
