50
0 37 34.573
0 26 8.179
0 14 33.135
0 38 87.052
0 34 14.722
0 5 56.276
0 6 30.957
0 41 2.22
0 11 82.972
0 25 92.668
0 0 89.06
0 21 4.532
0 18 69.683
0 27 65.645
0 42 88.984
0 3 17.296
0 13 60.477
0 22 79.908
0 4 32.923
0 1 75.851
0 9 78.458
0 49 80.696
0 15 89.302
0 20 6.688
0 40 94.006
0 32 35.004
0 30 86.937
0 43 72.875
0 47 11.947
0 45 15.447
0 31 18.821
0 36 35.32
0 33 32.237
0 7 96.733
0 19 75.236
0 44 10.64
0 23 31.482
0 16 92.225
0 17 18.296
0 35 48.895
0 46 19.798
0 8 98.566
0 29 14.818
0 24 39.482
0 10 79.229
0 39 1.528
0 28 96.087
0 12 56.659
1 32 5.21
1 30 81.102
1 16 90.916
1 35 97.217
1 27 38.547
1 19 74.252
1 6 65.123
1 38 85.7
1 25 48.146
1 41 22.77
1 14 91.84
1 40 18.128
1 4 20.519
1 13 24.957
1 20 97.465
1 8 12.717
1 26 44.544
1 21 39.06
1 47 95.51
1 7 40.807
1 31 1.329
1 0 22.646
1 39 42.543
1 43 42.966
1 5 57.425
1 9 92.594
1 12 97.024
1 1 79.755
1 44 15.13
1 36 22.019
1 22 20.335
2 0 29.138
2 19 28.409
2 29 98.238
2 39 14.879
2 48 10.942
2 10 61.5
2 15 68.43
2 34 9.428
2 30 34.327
2 7 9.383
2 27 55.488
2 1 61.241
2 26 65.936
2 25 36.235
2 41 69.266
2 40 19.408
2 37 14.36
2 23 94.435
2 31 1.873
2 49 80.431
2 42 46.569
2 8 89.29
2 13 22.196
2 46 57.356
2 3 10.837
2 33 71.858
2 2 22.096
2 28 62.252
2 17 36.274
2 18 4.338
2 9 65.048
2 24 89.897
2 21 58.566
2 36 22.171
2 14 32.592
2 12 53.765
2 5 36.918
2 45 38.494
2 20 16.543
2 43 11.601
2 4 45.799
3 47 3.087
3 7 2.435
3 31 65.684
3 38 39.261
3 49 69.78
3 18 12.456
3 21 74.005
3 45 89.653
3 5 57.372
3 32 70.538
3 27 92.44
3 37 1.878
3 30 26.925
3 3 55.915
3 43 49.107
3 40 65.419
3 28 53.224
3 48 73.758
3 44 84.577
3 10 47.365
3 23 53.981
3 42 46.241
3 15 42.996
3 25 47.673
3 1 53.422
3 6 74.083
3 12 74.464
3 11 75.009
3 14 97.744
3 19 32.864
3 20 82.311
4 1 56.467
4 30 82.991
4 5 71.04
4 24 29.25
4 49 33.876
4 18 48.867
4 42 44.276
4 47 33.797
4 36 30.325
4 39 40.954
4 3 22.756
4 40 26.783
4 38 55.162
4 34 78.899
4 28 33.135
4 31 90.519
4 35 14.431
4 33 71.379
4 46 40.041
4 44 57.591
4 45 50.666
4 41 55.705
4 19 7.62
4 21 61.323
4 16 70.023
4 0 1.841
4 13 64.367
5 3 51.788
5 30 89.375
5 44 41.276
5 29 37.285
5 12 50.309
5 19 86.583
5 31 7.999
6 4 95.798
6 6 53.398
6 36 2.881
6 22 98.226
6 0 39.623
6 13 13.285
6 45 6.028
6 9 42.803
6 35 55.945
6 39 50.092
6 3 93.441
6 24 62.773
6 44 57.804
6 12 43.36
6 40 19.988
6 8 96.359
6 42 53.599
6 37 85.373
6 46 89.927
6 49 37.106
6 11 39.945
6 43 47.398
6 34 90.33
6 29 72.023
6 20 69.328
6 32 62.976
6 19 36.746
6 48 85.463
6 10 65.394
6 7 78.099
6 30 2.716
7 4 89.559
7 32 3.852
7 29 73.274
7 2 69.254
7 44 4.038
7 15 89.184
7 18 54.726
7 48 18.266
7 41 8.385
7 37 72.542
7 36 47.906
7 17 83.369
7 16 9.028
7 20 25.348
7 27 24.305
7 6 92.516
7 8 71.171
7 46 79.186
7 42 27.503
7 30 90.571
7 5 75.828
7 40 34.285
7 13 55.862
7 39 93.156
7 34 17.118
7 25 50.99
7 45 25.295
7 38 92.859
7 31 54.185
7 7 1.46
7 3 14.633
7 10 91.981
7 22 85.567
7 47 33.388
7 19 73.489
8 27 92.625
8 0 22.281
8 32 89.012
8 30 3.962
8 47 4.907
9 13 90.49
9 19 31.043
9 42 71.152
9 44 46.254
9 0 81.715
9 28 24.958
9 24 16.985
9 40 16.426
9 11 63.326
10 30 82.848
10 41 44.344
10 7 49.439
10 22 34.6
10 35 66.789
10 0 66.725
10 17 52.202
10 18 4.844
10 2 3.11
10 42 48.794
10 11 33.099
10 20 79.906
10 12 86.408
10 36 3.933
10 31 72.105
10 23 84.095
10 25 6.103
10 47 85.357
10 39 14.512
10 49 33.721
10 4 84.753
10 43 69.616
10 27 72.246
10 40 53.551
10 5 26.659
10 13 4.458
10 28 28.785
10 15 59.82
10 46 77.107
10 26 80.608
10 3 59.856
10 34 19.238
10 32 59.867
10 48 10.855
10 6 3.86
10 29 33.304
10 16 14.013
10 38 78.244
10 33 41.703
10 44 32.96
10 10 66.293
10 9 63.854
10 37 84.632
11 21 92.891
11 37 87.625
11 46 12.838
11 5 55.095
11 32 38.782
11 35 80.129
11 43 65.601
11 24 49.38
12 0 14.308
12 6 16.975
12 27 11.303
12 28 62.856
12 35 44.293
12 7 10.335
12 38 11.733
12 42 2.495
12 40 50.114
12 24 85.874
12 14 30.386
12 13 21.612
12 21 79.326
12 44 30.972
12 45 46.932
13 0 45.808
13 19 16.295
13 48 33.173
13 1 36.764
13 32 34.414
13 44 29.766
14 39 85.122
14 35 57.791
14 23 3.677
14 44 83.455
15 3 94.922
15 42 62.669
15 11 16.146
15 29 44.15
15 21 95.077
15 22 65.415
15 2 7.866
15 24 23.336
15 48 34.61
15 25 32.161
15 41 29.542
15 15 63.064
15 10 49.328
16 26 81.34
16 38 17.129
16 3 2.861
16 40 4.391
16 12 7.878
16 4 19.35
16 27 54.357
16 6 47.599
16 32 61.911
16 49 98.357
16 14 86.478
17 5 4.709
17 25 71.714
17 40 37.719
17 12 78.939
17 17 83.067
17 37 18.549
17 14 8.095
17 34 11.166
17 8 12.32
17 44 41.966
17 1 18.418
17 30 8.531
17 7 75.06
17 31 32.052
17 28 94.804
17 39 10.978
17 26 23.723
17 21 90.439
18 25 24.326
18 39 54.235
18 14 89.952
18 31 96.094
18 47 60.641
18 44 63.581
18 18 89.306
18 21 83.387
19 32 32.549
19 46 21.964
19 35 8.251
19 1 33.803
19 4 38.203
19 49 54.408
19 5 33.507
19 23 40.339
19 2 72.949
19 14 52.467
19 19 36.452
19 24 52.9
19 26 83.495
19 15 1.823
19 7 10.639
19 8 23.998
19 44 96.724
19 13 31.507
19 27 72.703
19 9 27.202
19 22 76.832
19 17 1.921
19 11 18.261
19 10 69.245
19 31 38.816
19 40 10.851
19 39 73.041
19 3 96.586
20 1 73.19
20 32 92.039
20 4 73.359
21 32 26.63
21 35 59.449
21 13 30.615
21 37 16.5
21 2 1.668
21 36 23.657
21 26 98.781
21 46 62.295
21 29 88.495
21 44 98.994
21 28 38.523
21 40 13.574
21 47 59.024
21 43 2.964
21 8 53.603
21 20 22.292
21 1 16.728
22 41 37.891
22 5 2.045
22 11 93.644
22 46 97.969
22 15 96.471
23 14 57.282
23 6 64.907
23 10 20.672
23 9 27.915
23 5 78.051
23 16 63.388
23 32 9.084
23 47 45.476
23 27 59.389
23 35 33.326
23 4 8.837
23 26 26.174
23 38 30.235
23 33 95.713
23 20 76.07
23 1 12.002
23 34 47.442
23 15 64.404
23 48 4.979
23 25 74.164
23 39 7.557
23 37 84.767
23 24 11.072
24 38 6.312
24 15 64.63
24 21 36.672
24 22 87.305
24 45 54.604
24 27 16.424
24 47 74.641
24 23 95.413
24 3 43.501
24 5 38.024
24 19 5.75
24 30 83.072
24 35 64.733
24 33 85.656
24 24 8.372
24 34 79.755
25 7 17.159
25 38 24.913
25 17 87.888
25 22 29.821
25 49 35.559
26 1 70.404
26 45 51.271
26 3 32.13
26 35 66.88
26 47 86.824
26 42 40.338
26 31 18.735
26 23 21.528
26 30 88.265
26 10 97.623
26 7 46.762
26 36 54.338
26 17 81.967
26 2 66.558
26 14 37.942
26 15 94.394
26 13 4.764
26 5 36.305
26 18 34.485
26 0 38.478
26 16 79.521
26 48 15.579
26 22 76.941
27 30 95.97
27 8 5.871
27 41 6.663
27 45 54.38
27 2 51.401
27 25 30.72
27 32 24.307
27 39 49.166
27 3 78.829
27 17 89.89
27 5 92.505
27 13 82.598
27 31 94.855
27 4 60.324
27 44 52.241
27 20 74.227
27 26 36.851
27 43 92.192
27 1 67.685
27 16 73.63
27 28 97.694
27 19 20.217
27 49 79.992
27 14 61.925
27 9 89.311
28 11 4.24
28 10 93.881
28 48 64.226
28 18 55.057
28 40 1.836
28 16 95.37
28 26 91.834
28 15 66.579
28 37 41.638
28 39 34.619
28 22 98.507
28 21 43.929
28 17 40.554
28 1 84.539
28 41 9.348
28 6 86.913
28 7 97.597
28 49 18.72
28 27 68.98
28 36 70.356
28 32 16.931
28 44 14.67
28 29 22.858
28 24 60.796
28 34 30.917
28 25 48.786
28 35 41.055
28 13 66.605
28 20 89.324
28 46 8.096
28 9 60.713
28 14 37.447
28 33 92.456
28 4 90.021
28 23 9.397
28 31 68.299
28 38 17.039
28 3 42.714
28 2 80.708
28 47 82.72
28 45 52.306
28 0 30.046
28 28 4.842
28 8 63.904
28 42 98.689
28 43 54.588
28 5 81.077
28 19 68.449
29 43 84.913
29 26 92.534
29 2 94.195
29 19 9.845
29 18 59.895
29 21 13.162
29 40 17.343
29 39 17.493
29 11 95.621
29 15 90.612
29 34 12.729
29 7 73.558
29 9 82.854
29 32 51.005
29 48 5.052
29 42 37.023
29 41 35.527
29 6 58.195
29 12 51.1
29 31 74.973
29 28 48.42
30 16 10.181
30 13 57.791
30 18 53.32
30 25 9.622
30 33 14.607
30 14 71.217
30 24 87.58
30 44 9.648
30 41 57.428
30 28 31.94
30 34 42.145
30 37 26.748
30 29 78.782
30 23 7.142
30 1 98.403
30 12 55.802
30 26 69.437
30 40 28.772
30 39 41.199
30 3 74.131
30 30 97.348
30 6 46.517
30 42 58.24
30 0 7.718
30 20 88.483
30 48 21.739
30 32 66.552
30 19 51.14
30 17 37.048
30 11 71.829
30 4 73.825
30 8 84.497
30 27 71.562
30 15 80.909
30 7 52.245
30 21 43.84
30 10 24.391
30 9 28.972
30 2 34.074
30 31 41.249
31 2 5.723
31 33 8.936
31 13 40.663
31 27 76.768
31 30 94.872
31 22 51.532
31 32 95.756
31 34 58.737
31 40 78.276
31 43 31.748
31 41 81.715
31 11 95.279
31 46 26.915
31 25 67.124
31 12 26.233
31 4 8.633
31 36 24.554
31 15 88.016
31 42 43.752
31 48 86.017
31 28 40.197
31 35 90.622
31 45 46.588
31 6 46.296
31 1 83.875
31 24 26.6
31 38 87.624
31 8 39.54
31 29 4.78
31 20 75.719
31 31 76.823
31 9 51.683
31 19 56.967
31 16 39.633
32 0 86.008
32 42 22.939
32 40 95.646
32 28 98.309
32 21 81.484
32 34 90.318
32 25 54.543
32 10 64.086
32 18 71.111
32 5 3.755
32 15 83.589
32 31 16.46
32 29 55.195
32 16 66.86
32 6 54.591
32 19 85.292
32 36 38.104
32 26 23.633
32 30 63.104
32 47 35.887
32 12 1.112
32 11 51.34
32 41 5.84
33 3 74.886
33 11 40.213
33 27 29.672
33 4 98.172
33 34 94.066
33 30 39.348
33 49 52.616
33 23 21.515
33 10 66.938
33 39 42.824
33 9 73.832
33 42 17.842
33 6 11.176
33 16 72.703
33 35 67.769
33 33 49.683
33 28 92.821
33 37 9.003
33 2 65.515
33 41 91.792
33 22 42.589
33 36 27.384
33 29 10.38
33 40 48.626
33 26 32.679
33 12 26.857
33 43 52.37
34 43 18.78
34 30 63.568
34 49 24.215
34 21 89.608
34 5 55.932
34 12 40.077
34 7 17.878
34 29 77.34
34 40 37.371
34 19 55.985
34 23 95.194
34 17 76.298
34 35 52.025
34 6 3.224
34 8 86.197
34 25 43.775
34 37 81.941
34 1 86.872
34 0 40.059
34 32 63.406
34 28 2.58
34 41 41.042
34 4 87.569
34 47 5.85
34 18 42.913
34 26 15.865
34 16 55.814
34 48 1.489
34 24 86.688
34 34 81.203
34 45 22.517
34 20 80.362
34 22 93.699
34 13 86.448
34 3 59.85
34 15 18.512
34 27 77.475
34 46 70.69
34 2 57.927
34 9 61.589
34 33 87.418
34 14 80.496
34 44 82.372
34 31 44.846
34 11 39.202
34 39 6.671
34 10 94.302
34 42 82.419
35 18 83.541
35 19 36.569
35 8 49.794
35 1 86.638
36 43 11.033
36 33 39.688
36 28 40.91
36 5 56.293
36 40 68.206
36 20 93.653
36 24 89.408
36 25 59.05
36 8 68.036
36 19 43.352
36 34 90.271
36 10 58.168
36 13 49.738
36 27 53.674
36 22 30.875
36 14 45.602
36 16 8.767
36 44 47.984
36 3 74.349
36 12 71.408
36 29 9.231
36 39 41.25
36 30 73.635
36 31 94.394
36 36 71.124
36 7 69.253
36 21 16.403
36 48 85.45
36 45 75.262
36 42 77.047
36 38 54.515
36 37 88.334
36 11 62.035
36 15 7.594
36 49 36.493
36 17 28.611
36 1 45.008
36 47 22.301
36 41 79.67
36 18 67.039
36 6 37.02
36 9 40.331
36 23 54.569
36 4 70.367
36 35 12.909
36 2 26.885
36 26 79.267
37 47 34.835
37 48 13.019
37 16 81.415
37 3 47.115
37 4 40.34
37 42 66.841
37 44 75.288
37 33 73.801
37 27 63.175
37 14 53.941
37 10 22.985
37 22 41.362
37 9 92.46
38 30 32.03
38 5 6.541
38 11 75.564
38 40 30.664
38 36 23.883
38 2 89.281
38 47 52.564
38 7 52.676
38 44 42.02
38 8 17.007
38 26 63.925
38 43 72.953
38 15 52.396
38 45 67.358
38 3 6.416
38 48 10.496
38 18 41.117
38 16 91.524
38 20 67.652
38 17 67.744
38 39 7.622
38 21 82.416
38 23 86.366
38 31 19.191
38 34 80.441
38 6 9.435
38 24 83.95
38 49 38.212
38 14 69.04
38 9 96.497
38 19 92.648
38 10 14.376
38 42 94.7
38 35 97.742
38 29 8.283
38 46 93.456
38 33 86.629
38 12 56.416
38 28 55.018
38 13 40.984
38 27 12.133
38 1 48.703
38 22 48.176
38 25 75.271
38 38 56.066
39 6 39.372
39 14 11.642
39 29 3.707
39 35 25.001
39 43 26.468
39 25 89.934
39 34 40.546
39 36 25.404
39 44 31.282
39 19 33.59
39 28 76.139
39 49 38.197
39 3 63.033
39 26 24.876
39 24 81.264
39 1 1.977
39 32 15.252
39 20 33.952
39 37 21.678
39 2 57.468
39 47 76.433
39 16 79.811
39 41 89.597
40 0 13.096
40 21 93.342
40 5 88.822
40 11 87.413
40 36 64.529
40 32 31.549
40 19 60.002
40 33 92.439
40 2 15.728
40 25 1.608
40 23 34.734
40 16 31.049
40 39 51.6
40 40 92.293
40 43 72.988
40 9 87.36
40 22 84.799
40 13 42.42
40 29 45.321
40 24 85.671
40 18 26.055
40 4 42.314
40 30 77.337
40 37 88.829
40 38 9.679
40 27 92.655
40 34 68.511
40 42 36.159
40 3 37.033
40 44 5.073
40 31 64.425
40 49 12.187
40 17 23.912
40 12 34.536
40 1 40.395
40 14 25.639
40 35 10.138
40 45 87.896
40 46 31.289
40 26 84.245
41 46 47.35
41 6 60.184
41 20 13.071
41 44 87.499
41 25 41.686
41 2 54.875
41 7 87.167
41 30 80.582
41 48 64.653
41 33 73.536
41 40 47.174
41 47 20.225
41 43 92.14
41 29 98.881
41 8 67.794
42 19 42.088
42 8 9.875
42 15 52.196
42 41 14.907
42 21 89.86
42 40 83.863
42 37 2.499
42 3 90.438
42 30 26.107
42 27 56.525
42 28 44.169
42 48 29.474
42 6 84.525
42 38 22.168
42 22 31.291
42 32 17.344
43 32 51.017
43 45 98.816
43 34 83.192
43 10 5.174
43 15 91.207
43 39 69.822
43 37 85.434
43 40 78.218
43 30 72.64
43 17 59.294
43 36 46.259
43 1 19.539
43 8 97.598
43 42 53.076
43 47 43.916
43 21 25.244
43 27 38.852
43 23 4.706
43 3 3.07
43 2 42.924
43 48 27.041
43 12 43.478
43 25 67.456
43 26 37.288
43 9 62.574
43 20 68.246
43 38 9.136
43 46 1.996
44 12 4.815
44 3 80.158
44 41 15.604
44 23 71.109
44 5 23.741
44 27 19.22
44 44 83.275
44 38 4.679
44 16 36.705
44 46 92.719
44 28 79.474
44 49 46.723
44 17 64.868
44 35 96.589
44 21 71.586
44 31 39.611
45 0 91.17
45 5 32.337
45 11 20.715
45 39 3.425
45 6 41.532
45 2 83.569
45 17 23.929
45 38 85.121
45 14 5.401
45 10 34.606
45 44 35.071
45 18 31.38
45 20 31.727
45 28 75.681
45 4 72.414
45 40 87.911
45 47 43.432
45 45 93.735
45 25 48.124
45 35 5.224
45 27 56.841
45 22 97.048
45 21 42.145
45 36 71.706
45 37 22.71
45 23 2.582
45 30 22.254
45 3 66.514
45 7 97.932
45 1 78.221
45 24 24.247
46 17 65.593
46 16 25.443
46 26 51.502
46 2 93.715
46 21 48.683
46 20 73.97
46 27 78.044
46 23 87.599
46 7 48.669
46 42 83.268
46 12 41.42
46 9 31.738
46 47 73.368
46 29 97.041
46 34 38.813
46 22 81.259
46 3 98.81
46 33 64.931
46 14 33.721
46 13 64.422
46 32 17.293
46 18 55.74
46 8 19.37
46 43 44.568
46 35 70.763
46 44 54.532
46 6 56.033
46 30 32.387
46 37 44.018
46 4 75.31
46 15 12.39
46 49 58.392
46 36 8.293
46 45 34.364
46 1 92.253
46 25 67.363
46 31 2.045
46 48 3.445
46 38 6.28
46 11 97.805
46 40 76.363
46 5 7.214
46 24 54.451
46 39 8.218
46 46 51.273
46 41 52.684
46 10 12.82
47 21 74.843
47 34 42.239
47 32 76.187
47 22 29.916
47 30 52.868
48 22 41.908
48 42 9.105
48 41 22.698
48 31 64.357
48 36 43.554
48 25 31.936
48 7 80.37
49 7 23.023
49 12 65.786
49 20 57.101
49 8 81.393
49 43 84.274
49 14 39.989
49 15 30.927
49 4 26.503
49 31 73.848
49 29 36.823
49 13 39.286
49 22 3.005
49 28 95.219
49 35 62.37
49 16 38.542
49 18 7.946
49 5 82.831
49 17 10.577
49 1 33.345
49 45 38.307
49 11 78.784
49 26 76.573
49 9 91.453
49 49 11.56
49 34 88.781
49 47 96.218
49 10 24.263
49 2 49.046
49 3 16.458
49 46 96.263
49 48 18.453
49 27 77.516
49 39 51.567
49 36 63.219
49 21 31.417
49 25 84.454
49 24 6.226
49 19 86.809
49 23 91.831
49 37 78.118
49 33 20.156
49 41 55.95
49 38 2.776
49 44 9.237
49 6 25.346
